D:\WangZhenqing\Coin_detection_FasterRCNN\coin_data\images\10.jpg 1801,928,2217,1351,1 2190,1764,2620,2190,1 2845,1054,3277,1476,1
D:\WangZhenqing\Coin_detection_FasterRCNN\coin_data\images\100.jpg 2824,764,3264,1460,1 580,1098,1270,1798,1 2599,2074,3256,2431,0
D:\WangZhenqing\Coin_detection_FasterRCNN\coin_data\images\12.jpg 1290,1624,1694,2033,1 1216,1085,1702,1576,0 2650,1507,3061,1908,1 2121,2247,2524,2658,1
D:\WangZhenqing\Coin_detection_FasterRCNN\coin_data\images\13.jpg 2519,1854,2904,2225,1 1746,1251,2117,1629,1 1491,1966,1941,2429,0 3016,1127,3408,1509,1
D:\WangZhenqing\Coin_detection_FasterRCNN\coin_data\images\14.jpg 2162,1870,2503,2218,1 1460,1345,1797,1684,1 2593,1221,2948,1560,1 1873,1135,2287,1547,0 1227,1998,1647,2411,0
D:\WangZhenqing\Coin_detection_FasterRCNN\coin_data\images\15.jpg 974,1112,1327,1461,1 1531,2078,1947,2500,0 1763,1428,2099,1761,1 2175,1215,2593,1629,0 2905,1305,3256,1646,1
D:\WangZhenqing\Coin_detection_FasterRCNN\coin_data\images\16.jpg 809,1204,1136,1532,1 1319,2135,1715,2534,0 1524,1098,1920,1493,0 1946,1323,2340,1720,0 1549,1518,1872,1835,1 2638,1416,2972,1742,1
D:\WangZhenqing\Coin_detection_FasterRCNN\coin_data\images\17.jpg 531,1230,865,1566,1 1283,1534,1610,1860,1 2382,1421,2721,1754,1 2756,752,3167,1149,0 1250,1112,1656,1514,0 1053,2158,1457,2568,0
D:\WangZhenqing\Coin_detection_FasterRCNN\coin_data\images\18.jpg 1197,2158,1586,2554,0 692,1247,1009,1569,1 2045,1912,2439,2310,0 2862,771,3268,1166,0 1424,1579,1742,1902,1 2498,1436,2824,1757,1
D:\WangZhenqing\Coin_detection_FasterRCNN\coin_data\images\19.jpg 1185,1353,1185,1378,0 1769,1190,2147,1587,0 1184,2119,1572,2499,0 2006,1857,2394,2249,0 2518,1820,2905,2207,0 2784,736,3168,1129,0 2437,1384,2760,1701,1 1392,1540,1714,1864,1 670,1228,989,1556,1
D:\WangZhenqing\Coin_detection_FasterRCNN\coin_data\images\2.jpg 1473,854,2058,1440,0 814,1219,1411,1812,0 1598,1352,2079,1829,1
D:\WangZhenqing\Coin_detection_FasterRCNN\coin_data\images\20.jpg 1409,2028,1764,2370,0 2158,1803,2505,2151,0 1943,1207,2285,1549,0 2866,796,3219,1151,0 2608,1776,2962,2123,0 2548,1379,2835,1663,1 1607,1518,1887,1795,1 961,1231,1248,1521,1
D:\WangZhenqing\Coin_detection_FasterRCNN\coin_data\images\22.jpg 2723,2297,3132,2701,0 2188,2313,2595,2724,0 1312,2538,1717,2947,0 807,2109,1213,2514,0 1128,1197,1538,1599,0 3060,1154,3467,1559,0 2131,2,2538,274,0 1953,1594,2362,1997,0 1192,0,1518,289,1 801,1595,1133,1928,1 1556,1949,1883,2282,1 2766,1855,3107,2193,1
D:\WangZhenqing\Coin_detection_FasterRCNN\coin_data\images\23.jpg 801,1350,1170,1723,0 1203,2392,1573,2748,0 1403,2078,1762,2446,0 1216,1090,1582,1450,0 2089,1370,2450,1723,0 2513,2042,2880,2412,0 2419,969,2782,1331,0 2873,986,3242,1345,0 2537,1658,2836,1953,1 2103,1783,2395,2080,1 1137,1851,1436,2148,1 1348,620,1640,914,1
D:\WangZhenqing\Coin_detection_FasterRCNN\coin_data\images\24.jpg 1158,2308,1535,2678,0 1343,1546,1725,1925,0 1369,1117,1745,1494,0 1998,901,2376,1291,0 2003,1336,2380,1701,0 1821,1657,2197,2037,0 2185,2150,2568,2532,0 2575,1922,2954,2303,0 965,1838,1283,2153,1 1359,403,1669,714,1 2198,1707,2511,2015,1 2648,1544,2961,1858,1
D:\WangZhenqing\Coin_detection_FasterRCNN\coin_data\images\25.jpg 666,744,1006,1073,0 1041,1116,1378,1460,0 1060,737,1405,1075,0 863,1783,1203,2116,0 1223,2259,1558,2608,0 1726,2634,2057,2966,0 1464,1239,1795,1570,0 1629,938,1961,1278,0 1626,560,1967,901,0 2069,1505,2402,1837,0 2196,1143,2463,1420,1 1805,1281,2075,1550,1 1064,94,1344,375,1 699,1376,979,1645,1
D:\WangZhenqing\Coin_detection_FasterRCNN\coin_data\images\26.jpg 1731,1358,2199,1820,0 1444,1349,1883,1805,0
D:\WangZhenqing\Coin_detection_FasterRCNN\coin_data\images\27.jpg 1833,1406,2185,1774,0 1614,1401,1942,1748,0 2773,0,3131,347,0
D:\WangZhenqing\Coin_detection_FasterRCNN\coin_data\images\28.jpg 1530,1318,1991,1771,0 2517,1128,2993,1590,0 1816,1162,2192,1542,1
D:\WangZhenqing\Coin_detection_FasterRCNN\coin_data\images\29.jpg 2385,1254,2916,1780,0 1780,1386,2310,1914,0 1719,1097,2252,1569,0 2617,1663,3051,2101,1
D:\WangZhenqing\Coin_detection_FasterRCNN\coin_data\images\3.jpg 1637,1272,2228,1867,0 2295,895,2906,1479,0 2426,1398,2932,1899,1
D:\WangZhenqing\Coin_detection_FasterRCNN\coin_data\images\30.jpg 2519,1386,2993,1841,0 2008,1512,2472,1969,0 1947,1262,2403,1677,0 2732,1735,3115,2118,1 1127,1260,1499,1635,1 1242,1423,1613,1792,1
D:\WangZhenqing\Coin_detection_FasterRCNN\coin_data\images\32.jpg 2425,1341,2920,1822,0 1951,435,2445,919,0 1840,792,2324,1256,0 2000,1243,2486,1726,0 1962,1517,2459,1949,0 1571,1180,2058,1659,0 2136,2158,2635,2655,0 1132,2187,1628,2683,0 2611,954,3012,1355,1 1466,2129,1872,2544,1 1365,845,1764,1251,1
D:\WangZhenqing\Coin_detection_FasterRCNN\coin_data\images\33.jpg 2166,2162,2649,2645,0 2018,1265,2502,1732,0 1866,795,2344,1274,0 1598,1204,2076,1675,0 1988,1531,2460,1959,0 2445,1346,2924,1824,0 1193,2200,1670,2673,0 1022,1601,1511,2066,0 1391,885,1789,1281,1 1512,2131,1906,2533,1 2616,976,3019,1369,1
D:\WangZhenqing\Coin_detection_FasterRCNN\coin_data\images\34.jpg 2670,2109,3093,2525,0 2377,1631,2803,2055,0 2378,1208,2832,1632,0 1702,1291,2126,1707,0 1279,1695,1702,2117,0 2330,691,2677,1043,1 2038,1745,2376,2097,1
D:\WangZhenqing\Coin_detection_FasterRCNN\coin_data\images\35.jpg 2644,2127,3126,2612,0 2312,1605,2790,2076,0 2312,1139,2788,1598,0 1507,1226,1980,1695,0 1078,1686,1556,2161,0 1773,996,2154,1379,1 2325,983,2715,1371,1
D:\WangZhenqing\Coin_detection_FasterRCNN\coin_data\images\36.jpg 2466,1759,2921,2241,0 2151,1659,2633,2145,0 2435,1321,2913,1758,0 1743,1471,2182,1941,0 1470,1367,1937,1837,0 2434,1137,2833,1524,1 1908,1164,2293,1559,1
D:\WangZhenqing\Coin_detection_FasterRCNN\coin_data\images\37.jpg 1875,1326,2434,1779,0 1604,879,2209,1393,0 1383,581,2008,1140,0 1133,1832,1627,2207,0 1143,1436,1685,1837,0 1015,1129,1579,1577,0 759,1672,1268,2079,0 971,2071,1425,2371,0 228,1532,762,1944,0 1665,1529,2184,1931,0 519,1177,996,1572,1 2043,1793,2459,2124,1 1630,1906,2012,2199,1 2148,888,2615,1323,1
D:\WangZhenqing\Coin_detection_FasterRCNN\coin_data\images\38.jpg 1767,841,2336,1416,0 1576,1114,2097,1646,0 1551,317,2093,895,0 1409,66,1926,628,0 1126,929,1602,1437,0 1076,620,1541,1101,0 1052,1426,1511,1918,0 902,1686,1318,2154,0 801,1224,1212,1696,0 446,1010,834,1459,0 2032,379,2513,882,1 1948,1536,2407,1997,1 1513,1608,1916,2031,1 722,661,1073,1058,1
D:\WangZhenqing\Coin_detection_FasterRCNN\coin_data\images\39.jpg 2045,535,2456,962,0 1628,480,2053,922,0 1220,671,1656,1114,0 1171,1128,1596,1550,0 1474,1581,1879,1989,0 510,1979,953,2394,0 1597,1096,2001,1508,0 1787,1278,2186,1676,0 1880,1978,2263,2358,0 2200,1489,2579,1878,0 1132,1692,1475,2038,1 1476,2000,1806,2328,1 1824,142,2178,518,1 1883,1668,2191,1979,1
D:\WangZhenqing\Coin_detection_FasterRCNN\coin_data\images\4.jpg 1676,1089,2193,1620,0 1437,1189,1959,1703,0 2046,901,2568,1423,0 2162,1344,2603,1774,1
D:\WangZhenqing\Coin_detection_FasterRCNN\coin_data\images\40.jpg 1476,1367,1892,1784,0 1215,1431,1615,1833,0 1296,1024,1713,1439,0 1679,1294,2073,1707,0 1681,853,2113,1278,0
D:\WangZhenqing\Coin_detection_FasterRCNN\coin_data\images\42.jpg 1406,1811,1788,2181,0 1367,1228,1765,1620,0 1934,614,2360,1042,0 2367,1042,2799,1458,0 862,438,1292,879,0
D:\WangZhenqing\Coin_detection_FasterRCNN\coin_data\images\43.jpg 1926,1002,2377,1448,1 1602,1441,2038,1850,1 1671,1092,2080,1521,1 1367,934,1805,1375,1 1145,651,1598,1121,1
D:\WangZhenqing\Coin_detection_FasterRCNN\coin_data\images\44.jpg 1146,601,1778,1195,1 1591,1583,2111,1972,1 1401,997,1983,1508,1 1745,1223,2251,1671,1 2080,1176,2646,1660,1
D:\WangZhenqing\Coin_detection_FasterRCNN\coin_data\images\45.jpg 2207,1167,2601,1680,1 1745,1681,2220,2155,1 1896,1264,2297,1752,1 1408,652,2004,1271,1 1603,1053,2151,1614,1
D:\WangZhenqing\Coin_detection_FasterRCNN\coin_data\images\46.jpg 1404,642,1879,1072,1 1588,929,2069,1383,1 1756,1493,2271,2032,1 1883,1145,2346,1613,1 2173,1073,2662,1558,1
D:\WangZhenqing\Coin_detection_FasterRCNN\coin_data\images\47.jpg 1641,654,2229,1267,0 1453,1012,2046,1577,0 957,404,1581,1031,0 870,1327,1365,1782,1 1082,928,1569,1385,1
D:\WangZhenqing\Coin_detection_FasterRCNN\coin_data\images\48.jpg 811,552,1474,1123,0 1556,703,2216,1296,0 1378,1051,2075,1700,0 663,1455,1291,2065,1 937,1007,1506,1530,1
D:\WangZhenqing\Coin_detection_FasterRCNN\coin_data\images\49.jpg 1096,1254,1756,1905,0 1390,634,1930,1185,1 802,682,1349,1223,1
D:\WangZhenqing\Coin_detection_FasterRCNN\coin_data\images\5.jpg 2414,974,3011,1552,0 1586,1193,2168,1773,0 1356,1374,1831,1847,1 2475,1463,2980,1948,1
D:\WangZhenqing\Coin_detection_FasterRCNN\coin_data\images\50.jpg 1323,1176,2049,1909,0 1669,606,2223,1124,1 1078,628,1629,1142,1
D:\WangZhenqing\Coin_detection_FasterRCNN\coin_data\images\52.jpg 1250,698,2049,1508,0
D:\WangZhenqing\Coin_detection_FasterRCNN\coin_data\images\53.jpg 2115,896,2625,1394,0 1409,507,1891,997,0 1646,1154,2136,1643,0 1121,1433,1589,1901,0 1177,1015,1566,1414,1 2022,1538,2434,1944,1
D:\WangZhenqing\Coin_detection_FasterRCNN\coin_data\images\54.jpg 1338,252,1828,763,0 1022,1201,1483,1683,0 1458,1773,1944,2261,0 1557,928,2061,1426,0 2048,674,2573,1184,0 1092,773,1490,1180,1 1256,1309,1653,1711,1 1951,1318,2371,1731,1
D:\WangZhenqing\Coin_detection_FasterRCNN\coin_data\images\55.jpg 1841,896,2282,1339,0 1435,1102,1851,1534,0 1251,520,1679,952,0 1310,1816,1730,2254,0 1256,1212,1587,1555,1 1065,380,1399,736,1
D:\WangZhenqing\Coin_detection_FasterRCNN\coin_data\images\56.jpg 666,1057,1177,1562,0 1105,1327,1610,1839,0 1742,565,2266,1091,0 2005,1497,2536,2011,0 1584,1559,2000,1982,1 1899,1075,2338,1500,1
D:\WangZhenqing\Coin_detection_FasterRCNN\coin_data\images\57.jpg 1930,1443,2494,1988,0 1647,459,2200,1019,0 981,1274,1514,1807,0 528,987,1060,1516,0 1830,1012,2282,1454,1 1528,1269,1973,1712,1 1483,1542,1922,1952,1
D:\WangZhenqing\Coin_detection_FasterRCNN\coin_data\images\58.jpg 215,958,809,1546,0 726,1272,1315,1857,0 1775,1436,2384,2026,0 1439,361,2048,976,0 1845,670,2450,1283,0 2551,1331,3186,1938,0 700,527,1188,1021,1 1328,1258,1814,1742,1 1288,1565,1765,2002,1 1649,970,2140,1453,0
D:\WangZhenqing\Coin_detection_FasterRCNN\coin_data\images\59.jpg 591,901,1018,1327,0 963,1116,1385,1546,0 1205,1666,1620,2091,0 1465,468,1907,902,0 1718,1228,2148,1655,0 1762,675,2195,1122,0 2273,1150,2715,1579,0 1364,1315,1712,1646,0 1391,1106,1740,1449,0 1626,891,1973,1243,0 942,588,1290,943,0
D:\WangZhenqing\Coin_detection_FasterRCNN\coin_data\images\6.jpg 2310,1216,2765,1652,0 2936,1052,3383,1482,0 2137,1365,2509,1730,0 2997,1417,3370,1788,0
D:\WangZhenqing\Coin_detection_FasterRCNN\coin_data\images\60.jpg 657,584,968,887,0 986,1710,1317,2038,0 1020,1232,1343,1545,0 1660,1572,1985,1896,0 1776,1132,2104,1448,0 2444,1186,2773,1500,0 1731,29,2041,326,0 2372,390,2637,638,0 1354,1068,1612,1325,0 1304,1663,1566,1935,0 536,875,794,1127,0
D:\WangZhenqing\Coin_detection_FasterRCNN\coin_data\images\62.jpg 2280,324,2824,862,0 2093,836,2627,1355,0 1828,1425,2334,1928,0 924,1405,1431,1912,0 142,1144,664,1658,0 2230,1385,2647,1812,1 1455,1660,1867,2067,1 652,1086,1077,1501,1 2626,831,3067,1265,1
D:\WangZhenqing\Coin_detection_FasterRCNN\coin_data\images\63.jpg 2377,1736,2835,2197,0 1473,1403,1920,1848,0 1732,1269,2163,1712,0 1297,788,1713,1204,0 1389,134,1807,550,0 792,1540,1240,1991,0 903,1203,1341,1631,0 2107,724,2460,1071,1 1657,620,2005,965,1 1423,895,1771,1243,1 748,914,1109,1257,1
D:\WangZhenqing\Coin_detection_FasterRCNN\coin_data\images\64.jpg 2072,1301,2583,1800,0 1380,1252,1875,1742,0 547,1026,1049,1513,0 1349,477,1826,933,0 2112,270,2494,633,1 417,659,823,1044,1 1147,1669,1572,2101,1 1616,889,2009,1276,1
D:\WangZhenqing\Coin_detection_FasterRCNN\coin_data\images\65.jpg 1871,973,2344,1438,0 1373,1075,1853,1550,0 1325,554,1781,972,0 540,1071,1037,1537,0 2049,354,2416,692,1 1605,916,1971,1271,1 1108,1696,1527,2126,1 431,731,824,1094,1
D:\WangZhenqing\Coin_detection_FasterRCNN\coin_data\images\66.jpg 1902,1591,2351,2033,0 1514,1496,1958,1947,0 1370,716,1813,1150,0 644,1251,1107,1703,0 2072,510,2433,857,1 1644,1095,2008,1457,1 1815,1486,2186,1872,1 505,902,883,1269,1
D:\WangZhenqing\Coin_detection_FasterRCNN\coin_data\images\67.jpg 584,993,987,1385,0 1758,1632,2169,2052,0 2152,887,2551,1272,0 1978,116,2367,504,0 2874,951,3262,1347,0 1431,891,1754,1210,1 862,1572,1193,1903,1 18,1063,353,1387,1 631,301,955,617,1
D:\WangZhenqing\Coin_detection_FasterRCNN\coin_data\images\68.jpg 1518,1738,1990,2207,0 1779,960,2239,1409,0 1349,818,1794,1256,0 856,931,1310,1377,0 730,79,1163,516,0 2131,1288,2529,1673,1 1594,1406,1979,1791,1 1230,1257,1604,1634,1 925,531,1293,888,1
D:\WangZhenqing\Coin_detection_FasterRCNN\coin_data\images\69.jpg 1981,925,2571,1502,0 1681,1504,2269,2113,0 654,1244,1246,1833,0 740,328,1297,875,0 1448,677,2016,1239,0 2012,397,2483,864,1 1572,1239,2052,1715,1 1190,1534,1667,2017,1 985,830,1448,1291,1
D:\WangZhenqing\Coin_detection_FasterRCNN\coin_data\images\7.jpg 1786,1213,2421,1858,1
D:\WangZhenqing\Coin_detection_FasterRCNN\coin_data\images\70.jpg 2130,722,2839,1413,0 1470,433,2162,1086,0 1759,1414,2505,2159,0 506,1084,1233,1791,0 640,19,1308,661,0 1145,1426,1742,2037,1 924,601,1485,1153,1 1624,1084,2214,1656,1 2153,122,2721,657,1
D:\WangZhenqing\Coin_detection_FasterRCNN\coin_data\images\72.jpg 1909,1282,2496,1867,0 1348,1010,1919,1586,0 1017,553,1587,1106,0 1662,76,2209,613,0 2293,937,2766,1398,1 2016,1954,2512,2448,1 969,1392,1447,1882,1 240,476,719,933,1
D:\WangZhenqing\Coin_detection_FasterRCNN\coin_data\images\73.jpg 1768,1241,2215,1695,0 1654,268,2090,704,0 1141,636,1567,1067,0 1352,1003,1790,1442,0 2083,983,2477,1354,1 1062,1277,1419,1632,1 593,557,930,895,1 1800,1759,2174,2149,1
D:\WangZhenqing\Coin_detection_FasterRCNN\coin_data\images\74.jpg 2298,576,2726,1020,0 1800,1024,2228,1453,0 1164,1424,1599,1852,0 971,955,1421,1391,0 253,817,722,1273,0 719,1518,1086,1875,1 2147,816,2499,1167,1 2448,1049,2798,1394,1 2095,1576,2438,1919,1
D:\WangZhenqing\Coin_detection_FasterRCNN\coin_data\images\75.jpg 2120,542,2706,1116,0 1922,1142,2522,1733,0 1542,688,2129,1278,0 1188,1186,1779,1782,0 684,828,1291,1422,0 1129,434,1611,917,1 213,1281,715,1779,1 731,1456,1225,1958,1 1645,1620,2131,2113,1
D:\WangZhenqing\Coin_detection_FasterRCNN\coin_data\images\76.jpg 1336,1681,1958,2312,0 2135,941,2828,1611,0 607,985,1183,1582,0 1521,456,2034,981,1 1180,1091,1673,1600,1
D:\WangZhenqing\Coin_detection_FasterRCNN\coin_data\images\77.jpg 2095,245,2937,1064,0 437,1593,1196,2355,0 1335,52,2120,847,0 988,1147,1616,1773,1 1635,988,2292,1632,1
D:\WangZhenqing\Coin_detection_FasterRCNN\coin_data\images\78.jpg 2189,1445,2901,2130,0 1409,630,2066,1284,0 225,604,837,1230,0 1997,956,2555,1500,1 1122,1168,1643,1696,1
D:\WangZhenqing\Coin_detection_FasterRCNN\coin_data\images\79.jpg 2026,356,2621,929,0 1596,846,2209,1453,0 177,1257,847,1916,0 1112,1062,1624,1574,1 1059,1575,1585,2116,1
D:\WangZhenqing\Coin_detection_FasterRCNN\coin_data\images\8.jpg 2212,1403,2705,1892,1 1883,1759,2368,2253,1
D:\WangZhenqing\Coin_detection_FasterRCNN\coin_data\images\80.jpg 1906,587,2767,1428,0 194,1188,899,1927,0 890,420,1654,1210,0 1618,1381,2274,2028,1 2330,1026,3051,1715,1
D:\WangZhenqing\Coin_detection_FasterRCNN\coin_data\images\82.jpg 1396,1449,2153,2194,0 1491,73,2265,862,0 718,898,1421,1625,0 2036,663,2706,1318,1 662,1692,1224,2284,1
D:\WangZhenqing\Coin_detection_FasterRCNN\coin_data\images\83.jpg 858,1147,1404,1703,0 1799,1423,2403,2007,0 1700,670,2294,1257,0 1910,1060,2401,1504,1 814,1750,1236,2197,1
D:\WangZhenqing\Coin_detection_FasterRCNN\coin_data\images\84.jpg 622,1902,1168,2448,0 807,206,1365,796,0 1373,1159,1975,1773,0 1989,1281,2534,1811,1 2179,783,2733,1316,1
D:\WangZhenqing\Coin_detection_FasterRCNN\coin_data\images\85.jpg 1820,1735,2498,2409,0 1777,1080,2444,1737,0 785,1025,1392,1647,0 1313,1372,1824,1895,1 1767,538,2320,1083,1
D:\WangZhenqing\Coin_detection_FasterRCNN\coin_data\images\86.jpg 1733,1757,2419,2443,0 1714,1110,2400,1756,0 662,979,1278,1617,0 1636,775,2193,1336,1 1204,1328,1724,1863,1
D:\WangZhenqing\Coin_detection_FasterRCNN\coin_data\images\87.jpg 569,943,1235,1621,0 1324,1584,2024,2294,0 1811,947,2542,1669,0 1877,1671,2559,2379,0 550,378,1105,951,1 1260,1206,1824,1752,1
D:\WangZhenqing\Coin_detection_FasterRCNN\coin_data\images\88.jpg 1075,1248,1653,1825,0 1918,1085,2394,1563,1
D:\WangZhenqing\Coin_detection_FasterRCNN\coin_data\images\89.jpg 925,1111,1554,1743,0
D:\WangZhenqing\Coin_detection_FasterRCNN\coin_data\images\9.jpg 1512,778,1994,1266,1 1589,1821,2072,2307,1
D:\WangZhenqing\Coin_detection_FasterRCNN\coin_data\images\90.jpg 1689,954,2258,1534,1
D:\WangZhenqing\Coin_detection_FasterRCNN\coin_data\images\92.jpg 949,527,1598,1165,0 1126,1438,1799,2116,0 2139,1156,2698,1707,1
D:\WangZhenqing\Coin_detection_FasterRCNN\coin_data\images\93.jpg 1263,599,1851,1181,0 1458,1423,2055,2016,0 405,1134,912,1629,1 2349,1141,2858,1636,1
D:\WangZhenqing\Coin_detection_FasterRCNN\coin_data\images\94.jpg 965,124,1508,675,0 2209,1802,2783,2370,0 1970,635,2438,1100,1 176,628,637,1076,1
D:\WangZhenqing\Coin_detection_FasterRCNN\coin_data\images\95.jpg 235,274,730,765,0 1356,1772,1860,2289,0 2204,510,2636,933,1
D:\WangZhenqing\Coin_detection_FasterRCNN\coin_data\images\96.jpg 1814,273,2428,884,0 22,1154,628,1757,0 2422,1537,2943,2050,1
D:\WangZhenqing\Coin_detection_FasterRCNN\coin_data\images\97.jpg 643,1678,1336,2372,0 1681,40,2364,724,0 779,858,1337,1419,1 1587,1565,2155,2130,1
D:\WangZhenqing\Coin_detection_FasterRCNN\coin_data\images\98.jpg 1941,1725,2559,2332,0 1264,228,1854,838,0 1906,694,2406,1198,1 473,953,972,1445,1
D:\WangZhenqing\Coin_detection_FasterRCNN\coin_data\images\99.jpg 460,1342,1051,1929,0 1617,1349,2205,1936,0 535,852,1006,1329,1 2097,617,2610,1115,1
