D:\WangZhenqing\Coin_detection_FasterRCNN\coin_data\images\10.jpg 1801,928,2217,1351,1 2190,1764,2620,2190,1 2845,1054,3277,1476,1
D:\WangZhenqing\Coin_detection_FasterRCNN\coin_data\images\100.jpg 2824,764,3264,1460,1 580,1098,1270,1798,1 2599,2074,3256,2431,0
D:\WangZhenqing\Coin_detection_FasterRCNN\coin_data\images\101.jpg 1815,928,2231,1351,1 1412,1764,1842,2190,1 755,1054,1187,1476,1
D:\WangZhenqing\Coin_detection_FasterRCNN\coin_data\images\102.jpg 1801,1673,2217,2096,1 2190,834,2620,1260,1 2845,1548,3277,1970,1
D:\WangZhenqing\Coin_detection_FasterRCNN\coin_data\images\103.jpg 0,764,440,1460,1 1994,1098,2684,1798,1 8,2074,665,2431,0
D:\WangZhenqing\Coin_detection_FasterRCNN\coin_data\images\104.jpg 2824,988,3264,1684,1 580,650,1270,1350,1 2599,17,3256,374,0
D:\WangZhenqing\Coin_detection_FasterRCNN\coin_data\images\105.jpg 2338,1624,2742,2033,1 2330,1085,2816,1576,0 971,1507,1382,1908,1 1508,2247,1911,2658,1
D:\WangZhenqing\Coin_detection_FasterRCNN\coin_data\images\106.jpg 1290,991,1694,1400,1 1216,1448,1702,1939,0 2650,1116,3061,1517,1 2121,366,2524,777,1
D:\WangZhenqing\Coin_detection_FasterRCNN\coin_data\images\107.jpg 1128,1854,1513,2225,1 1915,1251,2286,1629,1 2091,1966,2541,2429,0 624,1127,1016,1509,1
D:\WangZhenqing\Coin_detection_FasterRCNN\coin_data\images\108.jpg 2519,799,2904,1170,1 1746,1395,2117,1773,1 1491,595,1941,1058,0 3016,1515,3408,1897,1
D:\WangZhenqing\Coin_detection_FasterRCNN\coin_data\images\109.jpg 1529,1870,1870,2218,1 2235,1345,2572,1684,1 1084,1221,1439,1560,1 1745,1135,2159,1547,0 2385,1998,2805,2411,0
D:\WangZhenqing\Coin_detection_FasterRCNN\coin_data\images\110.jpg 2162,806,2503,1154,1 1460,1340,1797,1679,1 2593,1464,2948,1803,1 1873,1477,2287,1889,0 1227,613,1647,1026,0
D:\WangZhenqing\Coin_detection_FasterRCNN\coin_data\images\111.jpg 2705,1112,3058,1461,1 2085,2078,2501,2500,0 1933,1428,2269,1761,1 1439,1215,1857,1629,0 776,1305,1127,1646,1
D:\WangZhenqing\Coin_detection_FasterRCNN\coin_data\images\112.jpg 974,1563,1327,1912,1 1531,524,1947,946,0 1763,1263,2099,1596,1 2175,1395,2593,1809,0 2905,1378,3256,1719,1
D:\WangZhenqing\Coin_detection_FasterRCNN\coin_data\images\113.jpg 2896,1204,3223,1532,1 2317,2135,2713,2534,0 2112,1098,2508,1493,0 1692,1323,2086,1720,0 2160,1518,2483,1835,1 1060,1416,1394,1742,1
D:\WangZhenqing\Coin_detection_FasterRCNN\coin_data\images\114.jpg 809,1492,1136,1820,1 1319,490,1715,889,0 1524,1531,1920,1926,0 1946,1304,2340,1701,0 1549,1189,1872,1506,1 2638,1282,2972,1608,1
D:\WangZhenqing\Coin_detection_FasterRCNN\coin_data\images\115.jpg 3167,1230,3501,1566,1 2422,1534,2749,1860,1 1311,1421,1650,1754,1 865,752,1276,1149,0 2376,1112,2782,1514,0 2575,2158,2979,2568,0
D:\WangZhenqing\Coin_detection_FasterRCNN\coin_data\images\116.jpg 531,1458,865,1794,1 1283,1164,1610,1490,1 2382,1270,2721,1603,1 2756,1875,3167,2272,0 1250,1510,1656,1912,0 1053,456,1457,866,0
D:\WangZhenqing\Coin_detection_FasterRCNN\coin_data\images\117.jpg 2446,2158,2835,2554,0 3023,1247,3340,1569,1 1593,1912,1987,2310,0 764,771,1170,1166,0 2290,1579,2608,1902,1 1208,1436,1534,1757,1
D:\WangZhenqing\Coin_detection_FasterRCNN\coin_data\images\118.jpg 1197,470,1586,866,0 692,1455,1009,1777,1 2045,714,2439,1112,0 2862,1858,3268,2253,0 1424,1122,1742,1445,1 2498,1267,2824,1588,1
D:\WangZhenqing\Coin_detection_FasterRCNN\coin_data\images\119.jpg 2847,1353,2847,1378,0 1885,1190,2263,1587,0 2460,2119,2848,2499,0 1638,1857,2026,2249,0 1127,1820,1514,2207,0 864,736,1248,1129,0 1272,1384,1595,1701,1 2318,1540,2640,1864,1 3043,1228,3362,1556,1
D:\WangZhenqing\Coin_detection_FasterRCNN\coin_data\images\12.jpg 1290,1624,1694,2033,1 1216,1085,1702,1576,0 2650,1507,3061,1908,1 2121,2247,2524,2658,1
D:\WangZhenqing\Coin_detection_FasterRCNN\coin_data\images\120.jpg 1185,1646,1185,1671,0 1769,1437,2147,1834,0 1184,525,1572,905,0 2006,775,2394,1167,0 2518,817,2905,1204,0 2784,1895,3168,2288,0 2437,1323,2760,1640,1 1392,1160,1714,1484,1 670,1468,989,1796,1
D:\WangZhenqing\Coin_detection_FasterRCNN\coin_data\images\121.jpg 1974,854,2559,1440,0 2621,1219,3218,1812,0 1953,1352,2434,1829,1
D:\WangZhenqing\Coin_detection_FasterRCNN\coin_data\images\122.jpg 1473,1584,2058,2170,0 814,1212,1411,1805,0 1598,1195,2079,1672,1
D:\WangZhenqing\Coin_detection_FasterRCNN\coin_data\images\123.jpg 2268,2028,2623,2370,0 1527,1803,1874,2151,0 1747,1207,2089,1549,0 813,796,1166,1151,0 1070,1776,1424,2123,0 1197,1379,1484,1663,1 2145,1518,2425,1795,1 2784,1231,3071,1521,1
D:\WangZhenqing\Coin_detection_FasterRCNN\coin_data\images\124.jpg 1409,654,1764,996,0 2158,873,2505,1221,0 1943,1475,2285,1817,0 2866,1873,3219,2228,0 2608,901,2962,1248,0 2548,1361,2835,1645,1 1607,1229,1887,1506,1 961,1503,1248,1793,1
D:\WangZhenqing\Coin_detection_FasterRCNN\coin_data\images\125.jpg 900,2297,1309,2701,0 1437,2313,1844,2724,0 2315,2538,2720,2947,0 2819,2109,3225,2514,0 2494,1197,2904,1599,0 565,1154,972,1559,0 1494,2,1901,274,0 1670,1594,2079,1997,0 2514,0,2840,289,1 2899,1595,3231,1928,1 2149,1949,2476,2282,1 925,1855,1266,2193,1
D:\WangZhenqing\Coin_detection_FasterRCNN\coin_data\images\126.jpg 2723,323,3132,727,0 2188,300,2595,711,0 1312,77,1717,486,0 807,510,1213,915,0 1128,1425,1538,1827,0 3060,1465,3467,1870,0 2131,2750,2538,3022,0 1953,1027,2362,1430,0 1192,2735,1518,3024,1 801,1096,1133,1429,1 1556,742,1883,1075,1 2766,831,3107,1169,1
D:\WangZhenqing\Coin_detection_FasterRCNN\coin_data\images\127.jpg 2862,1350,3231,1723,0 2459,2392,2829,2748,0 2270,2078,2629,2446,0 2450,1090,2816,1450,0 1582,1370,1943,1723,0 1152,2042,1519,2412,0 1250,969,1613,1331,0 790,986,1159,1345,0 1196,1658,1495,1953,1 1637,1783,1929,2080,1 2596,1851,2895,2148,1 2392,620,2684,914,1
D:\WangZhenqing\Coin_detection_FasterRCNN\coin_data\images\128.jpg 801,1301,1170,1674,0 1203,276,1573,632,0 1403,578,1762,946,0 1216,1574,1582,1934,0 2089,1301,2450,1654,0 2513,612,2880,982,0 2419,1693,2782,2055,0 2873,1679,3242,2038,0 2537,1071,2836,1366,1 2103,944,2395,1241,1 1137,876,1436,1173,1 1348,2110,1640,2404,1
D:\WangZhenqing\Coin_detection_FasterRCNN\coin_data\images\129.jpg 2497,2308,2874,2678,0 2307,1546,2689,1925,0 2287,1117,2663,1494,0 1656,901,2034,1291,0 1652,1336,2029,1701,0 1835,1657,2211,2037,0 1464,2150,1847,2532,0 1078,1922,1457,2303,0 2749,1838,3067,2153,1 2363,403,2673,714,1 1521,1707,1834,2015,1 1071,1544,1384,1858,1
D:\WangZhenqing\Coin_detection_FasterRCNN\coin_data\images\13.jpg 2519,1854,2904,2225,1 1746,1251,2117,1629,1 1491,1966,1941,2429,0 3016,1127,3408,1509,1
D:\WangZhenqing\Coin_detection_FasterRCNN\coin_data\images\130.jpg 1158,346,1535,716,0 1343,1099,1725,1478,0 1369,1530,1745,1907,0 1998,1733,2376,2123,0 2003,1323,2380,1688,0 1821,987,2197,1367,0 2185,492,2568,874,0 2575,721,2954,1102,0 965,871,1283,1186,1 1359,2310,1669,2621,1 2198,1009,2511,1317,1 2648,1166,2961,1480,1
D:\WangZhenqing\Coin_detection_FasterRCNN\coin_data\images\131.jpg 3026,744,3366,1073,0 2654,1116,2991,1460,0 2627,737,2972,1075,0 2829,1783,3169,2116,0 2474,2259,2809,2608,0 1975,2634,2306,2966,0 2237,1239,2568,1570,0 2071,938,2403,1278,0 2065,560,2406,901,0 1630,1505,1963,1837,0 1569,1143,1836,1420,1 1957,1281,2227,1550,1 2688,94,2968,375,1 3053,1376,3333,1645,1
D:\WangZhenqing\Coin_detection_FasterRCNN\coin_data\images\132.jpg 666,1951,1006,2280,0 1041,1564,1378,1908,0 1060,1949,1405,2287,0 863,908,1203,1241,0 1223,416,1558,765,0 1726,58,2057,390,0 1464,1454,1795,1785,0 1629,1746,1961,2086,0 1626,2123,1967,2464,0 2069,1187,2402,1519,0 2196,1604,2463,1881,1 1805,1474,2075,1743,1 1064,2649,1344,2930,1 699,1379,979,1648,1
D:\WangZhenqing\Coin_detection_FasterRCNN\coin_data\images\133.jpg 1833,1358,2301,1820,0 2149,1349,2588,1805,0
D:\WangZhenqing\Coin_detection_FasterRCNN\coin_data\images\134.jpg 1731,1204,2199,1666,0 1444,1219,1883,1675,0
D:\WangZhenqing\Coin_detection_FasterRCNN\coin_data\images\135.jpg 1847,1406,2199,1774,0 2090,1401,2418,1748,0 901,0,1259,347,0
D:\WangZhenqing\Coin_detection_FasterRCNN\coin_data\images\136.jpg 1833,1250,2185,1618,0 1614,1276,1942,1623,0 2773,2677,3131,3024,0
D:\WangZhenqing\Coin_detection_FasterRCNN\coin_data\images\137.jpg 2041,1318,2502,1771,0 1039,1128,1515,1590,0 1840,1162,2216,1542,1
D:\WangZhenqing\Coin_detection_FasterRCNN\coin_data\images\138.jpg 1530,1253,1991,1706,0 2517,1434,2993,1896,0 1816,1482,2192,1862,1
D:\WangZhenqing\Coin_detection_FasterRCNN\coin_data\images\139.jpg 1116,1254,1647,1780,0 1722,1386,2252,1914,0 1780,1097,2313,1569,0 981,1663,1415,2101,1
D:\WangZhenqing\Coin_detection_FasterRCNN\coin_data\images\14.jpg 2162,1870,2503,2218,1 1460,1345,1797,1684,1 2593,1221,2948,1560,1 1873,1135,2287,1547,0 1227,1998,1647,2411,0
D:\WangZhenqing\Coin_detection_FasterRCNN\coin_data\images\140.jpg 2385,1244,2916,1770,0 1780,1110,2310,1638,0 1719,1455,2252,1927,0 2617,923,3051,1361,1
D:\WangZhenqing\Coin_detection_FasterRCNN\coin_data\images\141.jpg 1804,1272,2395,1867,0 1126,895,1737,1479,0 1100,1398,1606,1899,1
D:\WangZhenqing\Coin_detection_FasterRCNN\coin_data\images\142.jpg 1637,1157,2228,1752,0 2295,1545,2906,2129,0 2426,1125,2932,1626,1
D:\WangZhenqing\Coin_detection_FasterRCNN\coin_data\images\143.jpg 1039,1386,1513,1841,0 1560,1512,2024,1969,0 1629,1262,2085,1677,0 917,1735,1300,2118,1 2533,1260,2905,1635,1 2419,1423,2790,1792,1
D:\WangZhenqing\Coin_detection_FasterRCNN\coin_data\images\144.jpg 2519,1183,2993,1638,0 2008,1055,2472,1512,0 1947,1347,2403,1762,0 2732,906,3115,1289,1 1127,1389,1499,1764,1 1242,1232,1613,1601,1
D:\WangZhenqing\Coin_detection_FasterRCNN\coin_data\images\145.jpg 1112,1341,1607,1822,0 1587,435,2081,919,0 1708,792,2192,1256,0 1546,1243,2032,1726,0 1573,1517,2070,1949,0 1974,1180,2461,1659,0 1397,2158,1896,2655,0 2404,2187,2900,2683,0 1020,954,1421,1355,1 2160,2129,2566,2544,1 2268,845,2667,1251,1
D:\WangZhenqing\Coin_detection_FasterRCNN\coin_data\images\146.jpg 2425,1202,2920,1683,0 1951,2105,2445,2589,0 1840,1768,2324,2232,0 2000,1298,2486,1781,0 1962,1075,2459,1507,0 1571,1365,2058,1844,0 2136,369,2635,866,0 1132,341,1628,837,0 2611,1669,3012,2070,1 1466,480,1872,895,1 1365,1773,1764,2179,1
D:\WangZhenqing\Coin_detection_FasterRCNN\coin_data\images\147.jpg 1383,2162,1866,2645,0 1530,1265,2014,1732,0 1688,795,2166,1274,0 1956,1204,2434,1675,0 1572,1531,2044,1959,0 1108,1346,1587,1824,0 2362,2200,2839,2673,0 2521,1601,3010,2066,0 2243,885,2641,1281,1 2126,2131,2520,2533,1 1013,976,1416,1369,1
D:\WangZhenqing\Coin_detection_FasterRCNN\coin_data\images\148.jpg 2166,379,2649,862,0 2018,1292,2502,1759,0 1866,1750,2344,2229,0 1598,1349,2076,1820,0 1988,1065,2460,1493,0 2445,1200,2924,1678,0 1193,351,1670,824,0 1022,958,1511,1423,0 1391,1743,1789,2139,1 1512,491,1906,893,1 2616,1655,3019,2048,1
D:\WangZhenqing\Coin_detection_FasterRCNN\coin_data\images\149.jpg 939,2109,1362,2525,0 1229,1631,1655,2055,0 1200,1208,1654,1632,0 1906,1291,2330,1707,0 2330,1695,2753,2117,0 1355,691,1702,1043,1 1656,1745,1994,2097,1
D:\WangZhenqing\Coin_detection_FasterRCNN\coin_data\images\15.jpg 974,1112,1327,1461,1 1531,2078,1947,2500,0 1763,1428,2099,1761,1 2175,1215,2593,1629,0 2905,1305,3256,1646,1
D:\WangZhenqing\Coin_detection_FasterRCNN\coin_data\images\150.jpg 2670,499,3093,915,0 2377,969,2803,1393,0 2378,1392,2832,1816,0 1702,1317,2126,1733,0 1279,907,1702,1329,0 2330,1981,2677,2333,1 2038,927,2376,1279,1
D:\WangZhenqing\Coin_detection_FasterRCNN\coin_data\images\151.jpg 906,2127,1388,2612,0 1242,1605,1720,2076,0 1244,1139,1720,1598,0 2052,1226,2525,1695,0 2476,1686,2954,2161,0 1878,996,2259,1379,1 1317,983,1707,1371,1
D:\WangZhenqing\Coin_detection_FasterRCNN\coin_data\images\152.jpg 2644,412,3126,897,0 2312,948,2790,1419,0 2312,1426,2788,1885,0 1507,1329,1980,1798,0 1078,863,1556,1338,0 1773,1645,2154,2028,1 2325,1653,2715,2041,1
D:\WangZhenqing\Coin_detection_FasterRCNN\coin_data\images\153.jpg 1111,1759,1566,2241,0 1399,1659,1881,2145,0 1119,1321,1597,1758,0 1850,1471,2289,1941,0 2095,1367,2562,1837,0 1199,1137,1598,1524,1 1739,1164,2124,1559,1
D:\WangZhenqing\Coin_detection_FasterRCNN\coin_data\images\154.jpg 2466,783,2921,1265,0 2151,879,2633,1365,0 2435,1266,2913,1703,0 1743,1083,2182,1553,0 1470,1187,1937,1657,0 2434,1500,2833,1887,1 1908,1465,2293,1860,1
D:\WangZhenqing\Coin_detection_FasterRCNN\coin_data\images\155.jpg 830,1326,1389,1779,0 1055,879,1660,1393,0 1256,581,1881,1140,0 1637,1832,2131,2207,0 1579,1436,2121,1837,0 1685,1129,2249,1577,0 1996,1672,2505,2079,0 1839,2071,2293,2371,0 2502,1532,3036,1944,0 1080,1529,1599,1931,0 2268,1177,2745,1572,1 805,1793,1221,2124,1 1252,1906,1634,2199,1 649,888,1116,1323,1
D:\WangZhenqing\Coin_detection_FasterRCNN\coin_data\images\156.jpg 1875,669,2434,1122,0 1604,1055,2209,1569,0 1383,1308,2008,1867,0 1133,241,1627,616,0 1143,611,1685,1012,0 1015,871,1579,1319,0 759,369,1268,776,0 971,77,1425,377,0 228,504,762,916,0 1665,517,2184,919,0 519,876,996,1271,1 2043,324,2459,655,1 1630,249,2012,542,1 2148,1125,2615,1560,1
D:\WangZhenqing\Coin_detection_FasterRCNN\coin_data\images\157.jpg 928,841,1497,1416,0 1167,1114,1688,1646,0 1171,317,1713,895,0 1338,66,1855,628,0 1662,929,2138,1437,0 1723,620,2188,1101,0 1753,1426,2212,1918,0 1946,1686,2362,2154,0 2052,1224,2463,1696,0 2430,1010,2818,1459,0 751,379,1232,882,1 857,1536,1316,1997,1 1348,1608,1751,2031,1 2191,661,2542,1058,1
D:\WangZhenqing\Coin_detection_FasterRCNN\coin_data\images\158.jpg 1767,1032,2336,1607,0 1576,802,2097,1334,0 1551,1553,2093,2131,0 1409,1820,1926,2382,0 1126,1011,1602,1519,0 1076,1347,1541,1828,0 1052,530,1511,1022,0 902,294,1318,762,0 801,752,1212,1224,0 446,989,834,1438,0 2032,1566,2513,2069,1 1948,451,2407,912,1 1513,417,1916,840,1 722,1390,1073,1787,1
D:\WangZhenqing\Coin_detection_FasterRCNN\coin_data\images\159.jpg 808,535,1219,962,0 1211,480,1636,922,0 1608,671,2044,1114,0 1668,1128,2093,1550,0 1385,1581,1790,1989,0 2311,1979,2754,2394,0 1263,1096,1667,1508,0 1078,1278,1477,1676,0 1001,1978,1384,2358,0 685,1489,1064,1878,0 1789,1692,2132,2038,1 1458,2000,1788,2328,1 1086,142,1440,518,1 1073,1668,1381,1979,1
D:\WangZhenqing\Coin_detection_FasterRCNN\coin_data\images\16.jpg 809,1204,1136,1532,1 1319,2135,1715,2534,0 1524,1098,1920,1493,0 1946,1323,2340,1720,0 1549,1518,1872,1835,1 2638,1416,2972,1742,1
D:\WangZhenqing\Coin_detection_FasterRCNN\coin_data\images\160.jpg 2045,1486,2456,1913,0 1628,1526,2053,1968,0 1220,1334,1656,1777,0 1171,898,1596,1320,0 1474,459,1879,867,0 510,54,953,469,0 1597,940,2001,1352,0 1787,772,2186,1170,0 1880,90,2263,470,0 2200,570,2579,959,0 1132,410,1475,756,1 1476,120,1806,448,1 1824,1930,2178,2306,1 1883,469,2191,780,1
D:\WangZhenqing\Coin_detection_FasterRCNN\coin_data\images\161.jpg 1839,1089,2356,1620,0 2073,1189,2595,1703,0 1464,901,1986,1423,0 1429,1344,1870,1774,1
D:\WangZhenqing\Coin_detection_FasterRCNN\coin_data\images\162.jpg 1676,1404,2193,1935,0 1437,1321,1959,1835,0 2046,1601,2568,2123,0 2162,1250,2603,1680,1
D:\WangZhenqing\Coin_detection_FasterRCNN\coin_data\images\163.jpg 1372,1367,1788,1784,0 1649,1431,2049,1833,0 1551,1024,1968,1439,0 1191,1294,1585,1707,0 1151,853,1583,1278,0
D:\WangZhenqing\Coin_detection_FasterRCNN\coin_data\images\164.jpg 1476,664,1892,1081,0 1215,615,1615,1017,0 1296,1009,1713,1424,0 1679,741,2073,1154,0 1681,1170,2113,1595,0
D:\WangZhenqing\Coin_detection_FasterRCNN\coin_data\images\165.jpg 1476,1811,1858,2181,0 1499,1228,1897,1620,0 904,614,1330,1042,0 465,1042,897,1458,0 1972,438,2402,879,0
D:\WangZhenqing\Coin_detection_FasterRCNN\coin_data\images\166.jpg 1406,267,1788,637,0 1367,828,1765,1220,0 1934,1406,2360,1834,0 2367,990,2799,1406,0 862,1569,1292,2010,0
D:\WangZhenqing\Coin_detection_FasterRCNN\coin_data\images\167.jpg 887,1002,1338,1448,1 1226,1441,1662,1850,1 1184,1092,1593,1521,1 1459,934,1897,1375,1 1666,651,2119,1121,1
D:\WangZhenqing\Coin_detection_FasterRCNN\coin_data\images\168.jpg 1926,1000,2377,1446,1 1602,598,2038,1007,1 1671,927,2080,1356,1 1367,1073,1805,1514,1 1145,1327,1598,1797,1
D:\WangZhenqing\Coin_detection_FasterRCNN\coin_data\images\169.jpg 1486,601,2118,1195,1 1153,1583,1673,1972,1 1281,997,1863,1508,1 1013,1223,1519,1671,1 618,1176,1184,1660,1
D:\WangZhenqing\Coin_detection_FasterRCNN\coin_data\images\17.jpg 531,1230,865,1566,1 1283,1534,1610,1860,1 2382,1421,2721,1754,1 2756,752,3167,1149,0 1250,1112,1656,1514,0 1053,2158,1457,2568,0
D:\WangZhenqing\Coin_detection_FasterRCNN\coin_data\images\170.jpg 1146,1253,1778,1847,1 1591,476,2111,865,1 1401,940,1983,1451,1 1745,777,2251,1225,1 2080,788,2646,1272,1
D:\WangZhenqing\Coin_detection_FasterRCNN\coin_data\images\171.jpg 663,1167,1057,1680,1 1044,1681,1519,2155,1 967,1264,1368,1752,1 1260,652,1856,1271,1 1113,1053,1661,1614,1
D:\WangZhenqing\Coin_detection_FasterRCNN\coin_data\images\172.jpg 2207,768,2601,1281,1 1745,293,2220,767,1 1896,696,2297,1184,1 1408,1177,2004,1796,1 1603,834,2151,1395,1
D:\WangZhenqing\Coin_detection_FasterRCNN\coin_data\images\173.jpg 1385,642,1860,1072,1 1195,929,1676,1383,1 993,1493,1508,2032,1 918,1145,1381,1613,1 602,1073,1091,1558,1
D:\WangZhenqing\Coin_detection_FasterRCNN\coin_data\images\174.jpg 1404,1376,1879,1806,1 1588,1065,2069,1519,1 1756,416,2271,955,1 1883,835,2346,1303,1 2173,890,2662,1375,1
D:\WangZhenqing\Coin_detection_FasterRCNN\coin_data\images\175.jpg 1035,654,1623,1267,0 1218,1012,1811,1577,0 1683,404,2307,1031,0 1899,1327,2394,1782,1 1695,928,2182,1385,1
D:\WangZhenqing\Coin_detection_FasterRCNN\coin_data\images\176.jpg 1641,1181,2229,1794,0 1453,871,2046,1436,0 957,1417,1581,2044,0 870,666,1365,1121,1 1082,1063,1569,1520,1
D:\WangZhenqing\Coin_detection_FasterRCNN\coin_data\images\177.jpg 1790,552,2453,1123,0 1048,703,1708,1296,0 1189,1051,1886,1700,0 1973,1455,2601,2065,1 1758,1007,2327,1530,1
D:\WangZhenqing\Coin_detection_FasterRCNN\coin_data\images\178.jpg 811,1325,1474,1896,0 1556,1152,2216,1745,0 1378,748,2075,1397,0 663,383,1291,993,1 937,918,1506,1441,1
D:\WangZhenqing\Coin_detection_FasterRCNN\coin_data\images\179.jpg 1508,1254,2168,1905,0 1334,634,1874,1185,1 1915,682,2462,1223,1
D:\WangZhenqing\Coin_detection_FasterRCNN\coin_data\images\18.jpg 1197,2158,1586,2554,0 692,1247,1009,1569,1 2045,1912,2439,2310,0 2862,771,3268,1166,0 1424,1579,1742,1902,1 2498,1436,2824,1757,1
D:\WangZhenqing\Coin_detection_FasterRCNN\coin_data\images\180.jpg 1096,543,1756,1194,0 1390,1263,1930,1814,1 802,1225,1349,1766,1
D:\WangZhenqing\Coin_detection_FasterRCNN\coin_data\images\181.jpg 1021,974,1618,1552,0 1864,1193,2446,1773,0 2201,1374,2676,1847,1 1052,1463,1557,1948,1
D:\WangZhenqing\Coin_detection_FasterRCNN\coin_data\images\182.jpg 2414,1472,3011,2050,0 1586,1251,2168,1831,0 1356,1177,1831,1650,1 2475,1076,2980,1561,1
D:\WangZhenqing\Coin_detection_FasterRCNN\coin_data\images\183.jpg 1215,1176,1941,1909,0 1041,606,1595,1124,1 1635,628,2186,1142,1
D:\WangZhenqing\Coin_detection_FasterRCNN\coin_data\images\184.jpg 1323,539,2049,1272,0 1669,1324,2223,1842,1 1078,1306,1629,1820,1
D:\WangZhenqing\Coin_detection_FasterRCNN\coin_data\images\185.jpg 1215,698,2014,1508,0
D:\WangZhenqing\Coin_detection_FasterRCNN\coin_data\images\186.jpg 1250,940,2049,1750,0
D:\WangZhenqing\Coin_detection_FasterRCNN\coin_data\images\187.jpg 639,896,1149,1394,0 1373,507,1855,997,0 1128,1154,1618,1643,0 1675,1433,2143,1901,0 1698,1015,2087,1414,1 830,1538,1242,1944,1
D:\WangZhenqing\Coin_detection_FasterRCNN\coin_data\images\188.jpg 2115,1054,2625,1552,0 1409,1451,1891,1941,0 1646,805,2136,1294,0 1121,547,1589,1015,0 1177,1034,1566,1433,1 2022,504,2434,910,1
D:\WangZhenqing\Coin_detection_FasterRCNN\coin_data\images\189.jpg 1436,252,1926,763,0 1781,1201,2242,1683,0 1320,1773,1806,2261,0 1203,928,1707,1426,0 691,674,1216,1184,0 1774,773,2172,1180,1 1611,1309,2008,1711,1 893,1318,1313,1731,1
D:\WangZhenqing\Coin_detection_FasterRCNN\coin_data\images\19.jpg 1185,1353,1185,1378,0 1769,1190,2147,1587,0 1184,2119,1572,2499,0 2006,1857,2394,2249,0 2518,1820,2905,2207,0 2784,736,3168,1129,0 2437,1384,2760,1701,1 1392,1540,1714,1864,1 670,1228,989,1556,1
D:\WangZhenqing\Coin_detection_FasterRCNN\coin_data\images\190.jpg 1338,1685,1828,2196,0 1022,765,1483,1247,0 1458,187,1944,675,0 1557,1022,2061,1520,0 2048,1264,2573,1774,0 1092,1268,1490,1675,1 1256,737,1653,1139,1 1951,717,2371,1130,1
D:\WangZhenqing\Coin_detection_FasterRCNN\coin_data\images\191.jpg 982,896,1423,1339,0 1413,1102,1829,1534,0 1585,520,2013,952,0 1534,1816,1954,2254,0 1677,1212,2008,1555,1 1865,380,2199,736,1
D:\WangZhenqing\Coin_detection_FasterRCNN\coin_data\images\192.jpg 1841,1109,2282,1552,0 1435,914,1851,1346,0 1251,1496,1679,1928,0 1310,194,1730,632,0 1256,893,1587,1236,1 1065,1712,1399,2068,1
D:\WangZhenqing\Coin_detection_FasterRCNN\coin_data\images\193.jpg 2087,1057,2598,1562,0 1654,1327,2159,1839,0 998,565,1522,1091,0 728,1497,1259,2011,0 1264,1559,1680,1982,1 926,1075,1365,1500,1
D:\WangZhenqing\Coin_detection_FasterRCNN\coin_data\images\194.jpg 666,886,1177,1391,0 1105,609,1610,1121,0 1742,1357,2266,1883,0 2005,437,2536,951,0 1584,466,2000,889,1 1899,948,2338,1373,1
D:\WangZhenqing\Coin_detection_FasterRCNN\coin_data\images\195.jpg 770,1443,1334,1988,0 1064,459,1617,1019,0 1750,1274,2283,1807,0 2204,987,2736,1516,0 982,1012,1434,1454,1 1291,1269,1736,1712,1 1342,1542,1781,1952,1
D:\WangZhenqing\Coin_detection_FasterRCNN\coin_data\images\196.jpg 1930,460,2494,1005,0 1647,1429,2200,1989,0 981,641,1514,1174,0 528,932,1060,1461,0 1830,994,2282,1436,1 1528,736,1973,1179,1 1483,496,1922,906,1
D:\WangZhenqing\Coin_detection_FasterRCNN\coin_data\images\197.jpg 2455,958,3049,1546,0 1949,1272,2538,1857,0 880,1436,1489,2026,0 1216,361,1825,976,0 814,670,1419,1283,0 78,1331,713,1938,0 2076,527,2564,1021,1 1450,1258,1936,1742,1 1499,1565,1976,2002,1 1124,970,1615,1453,0
D:\WangZhenqing\Coin_detection_FasterRCNN\coin_data\images\198.jpg 215,902,809,1490,0 726,591,1315,1176,0 1775,422,2384,1012,0 1439,1472,2048,2087,0 1845,1165,2450,1778,0 2551,510,3186,1117,0 700,1427,1188,1921,1 1328,706,1814,1190,1 1288,446,1765,883,1 1649,995,2140,1478,0
D:\WangZhenqing\Coin_detection_FasterRCNN\coin_data\images\199.jpg 2246,901,2673,1327,0 1879,1116,2301,1546,0 1644,1666,2059,2091,0 1357,468,1799,902,0 1116,1228,1546,1655,0 1069,675,1502,1122,0 549,1150,991,1579,0 1552,1315,1900,1646,0 1524,1106,1873,1449,0 1291,891,1638,1243,0 1974,588,2322,943,0
D:\WangZhenqing\Coin_detection_FasterRCNN\coin_data\images\2.jpg 1473,854,2058,1440,0 814,1219,1411,1812,0 1598,1352,2079,1829,1
D:\WangZhenqing\Coin_detection_FasterRCNN\coin_data\images\20.jpg 1409,2028,1764,2370,0 2158,1803,2505,2151,0 1943,1207,2285,1549,0 2866,796,3219,1151,0 2608,1776,2962,2123,0 2548,1379,2835,1663,1 1607,1518,1887,1795,1 961,1231,1248,1521,1
D:\WangZhenqing\Coin_detection_FasterRCNN\coin_data\images\200.jpg 591,1121,1018,1547,0 963,902,1385,1332,0 1205,357,1620,782,0 1465,1546,1907,1980,0 1718,793,2148,1220,0 1762,1326,2195,1773,0 2273,869,2715,1298,0 1364,802,1712,1133,0 1391,999,1740,1342,0 1626,1205,1973,1557,0 942,1505,1290,1860,0
D:\WangZhenqing\Coin_detection_FasterRCNN\coin_data\images\201.jpg 1267,1216,1722,1652,0 649,1052,1096,1482,0 1523,1365,1895,1730,0 662,1417,1035,1788,0
D:\WangZhenqing\Coin_detection_FasterRCNN\coin_data\images\202.jpg 2310,1372,2765,1808,0 2936,1542,3383,1972,0 2137,1294,2509,1659,0 2997,1236,3370,1607,0
D:\WangZhenqing\Coin_detection_FasterRCNN\coin_data\images\203.jpg 2296,584,2607,887,0 1947,1710,2278,2038,0 1921,1232,2244,1545,0 1279,1572,1604,1896,0 1160,1132,1488,1448,0 491,1186,820,1500,0 1223,29,1533,326,0 627,390,892,638,0 1652,1068,1910,1325,0 1698,1663,1960,1935,0 2470,875,2728,1127,0
D:\WangZhenqing\Coin_detection_FasterRCNN\coin_data\images\204.jpg 657,1561,968,1864,0 986,410,1317,738,0 1020,903,1343,1216,0 1660,552,1985,876,0 1776,1000,2104,1316,0 2444,948,2773,1262,0 1731,2122,2041,2419,0 2372,1810,2637,2058,0 1354,1123,1612,1380,0 1304,513,1566,785,0 536,1321,794,1573,0
D:\WangZhenqing\Coin_detection_FasterRCNN\coin_data\images\205.jpg 440,324,984,862,0 637,836,1171,1355,0 930,1425,1436,1928,0 1833,1405,2340,1912,0 2600,1144,3122,1658,0 617,1385,1034,1812,1 1397,1660,1809,2067,1 2187,1086,2612,1501,1 197,831,638,1265,1
D:\WangZhenqing\Coin_detection_FasterRCNN\coin_data\images\206.jpg 2280,1586,2824,2124,0 2093,1093,2627,1612,0 1828,520,2334,1023,0 924,536,1431,1043,0 142,790,664,1304,0 2230,636,2647,1063,1 1455,381,1867,788,1 652,947,1077,1362,1 2626,1183,3067,1617,1
D:\WangZhenqing\Coin_detection_FasterRCNN\coin_data\images\207.jpg 429,1736,887,2197,0 1344,1403,1791,1848,0 1101,1269,1532,1712,0 1551,788,1967,1204,0 1457,134,1875,550,0 2024,1540,2472,1991,0 1923,1203,2361,1631,0 804,724,1157,1071,1 1259,620,1607,965,1 1493,895,1841,1243,1 2155,914,2516,1257,1
D:\WangZhenqing\Coin_detection_FasterRCNN\coin_data\images\208.jpg 2377,251,2835,712,0 1473,600,1920,1045,0 1732,736,2163,1179,0 1297,1244,1713,1660,0 1389,1898,1807,2314,0 792,457,1240,908,0 903,817,1341,1245,0 2107,1377,2460,1724,1 1657,1483,2005,1828,1 1423,1205,1771,1553,1 748,1191,1109,1534,1
D:\WangZhenqing\Coin_detection_FasterRCNN\coin_data\images\209.jpg 681,1301,1192,1800,0 1389,1252,1884,1742,0 2215,1026,2717,1513,0 1438,477,1915,933,0 770,270,1152,633,1 2441,659,2847,1044,1 1692,1669,2117,2101,1 1255,889,1648,1276,1
D:\WangZhenqing\Coin_detection_FasterRCNN\coin_data\images\210.jpg 2072,648,2583,1147,0 1380,706,1875,1196,0 547,935,1049,1422,0 1349,1515,1826,1971,0 2112,1815,2494,2178,1 417,1404,823,1789,1 1147,347,1572,779,1 1616,1172,2009,1559,1
D:\WangZhenqing\Coin_detection_FasterRCNN\coin_data\images\211.jpg 920,973,1393,1438,0 1411,1075,1891,1550,0 1483,554,1939,972,0 2227,1071,2724,1537,0 848,354,1215,692,1 1293,916,1659,1271,1 1737,1696,2156,2126,1 2440,731,2833,1094,1
D:\WangZhenqing\Coin_detection_FasterRCNN\coin_data\images\212.jpg 1871,1010,2344,1475,0 1373,898,1853,1373,0 1325,1476,1781,1894,0 540,911,1037,1377,0 2049,1756,2416,2094,1 1605,1177,1971,1532,1 1108,322,1527,752,1 431,1354,824,1717,1
D:\WangZhenqing\Coin_detection_FasterRCNN\coin_data\images\213.jpg 913,1591,1362,2033,0 1306,1496,1750,1947,0 1451,716,1894,1150,0 2157,1251,2620,1703,0 831,510,1192,857,1 1256,1095,1620,1457,1 1078,1486,1449,1872,1 2381,902,2759,1269,1
D:\WangZhenqing\Coin_detection_FasterRCNN\coin_data\images\214.jpg 1902,415,2351,857,0 1514,501,1958,952,0 1370,1298,1813,1732,0 644,745,1107,1197,0 2072,1591,2433,1938,1 1644,991,2008,1353,1 1815,576,2186,962,1 505,1179,883,1546,1
D:\WangZhenqing\Coin_detection_FasterRCNN\coin_data\images\215.jpg 2277,993,2680,1385,0 1095,1632,1506,2052,0 713,887,1112,1272,0 897,116,1286,504,0 2,951,390,1347,0 1510,891,1833,1210,1 2071,1572,2402,1903,1 2911,1063,3246,1387,1 2309,301,2633,617,1
D:\WangZhenqing\Coin_detection_FasterRCNN\coin_data\images\216.jpg 584,1063,987,1455,0 1758,396,2169,816,0 2152,1176,2551,1561,0 1978,1944,2367,2332,0 2874,1101,3262,1497,0 1431,1238,1754,1557,1 862,545,1193,876,1 18,1061,353,1385,1 631,1831,955,2147,1
D:\WangZhenqing\Coin_detection_FasterRCNN\coin_data\images\217.jpg 1274,1738,1746,2207,0 1025,960,1485,1409,0 1470,818,1915,1256,0 1954,931,2408,1377,0 2101,79,2534,516,0 735,1288,1133,1673,1 1285,1406,1670,1791,1 1660,1257,2034,1634,1 1971,531,2339,888,1
D:\WangZhenqing\Coin_detection_FasterRCNN\coin_data\images\218.jpg 1518,241,1990,710,0 1779,1039,2239,1488,0 1349,1192,1794,1630,0 856,1071,1310,1517,0 730,1932,1163,2369,0 2131,775,2529,1160,1 1594,657,1979,1042,1 1230,814,1604,1191,1 925,1560,1293,1917,1
D:\WangZhenqing\Coin_detection_FasterRCNN\coin_data\images\219.jpg 693,925,1283,1502,0 995,1504,1583,2113,0 2018,1244,2610,1833,0 1967,328,2524,875,0 1248,677,1816,1239,0 781,397,1252,864,1 1212,1239,1692,1715,1 1597,1534,2074,2017,1 1816,830,2279,1291,1
D:\WangZhenqing\Coin_detection_FasterRCNN\coin_data\images\22.jpg 2723,2297,3132,2701,0 2188,2313,2595,2724,0 1312,2538,1717,2947,0 807,2109,1213,2514,0 1128,1197,1538,1599,0 3060,1154,3467,1559,0 2131,2,2538,274,0 1953,1594,2362,1997,0 1192,0,1518,289,1 801,1595,1133,1928,1 1556,1949,1883,2282,1 2766,1855,3107,2193,1
D:\WangZhenqing\Coin_detection_FasterRCNN\coin_data\images\220.jpg 1981,946,2571,1523,0 1681,335,2269,944,0 654,615,1246,1204,0 740,1573,1297,2120,0 1448,1209,2016,1771,0 2012,1584,2483,2051,1 1572,733,2052,1209,1 1190,431,1667,914,1 985,1157,1448,1618,1
D:\WangZhenqing\Coin_detection_FasterRCNN\coin_data\images\221.jpg 1611,1213,2246,1858,1
D:\WangZhenqing\Coin_detection_FasterRCNN\coin_data\images\222.jpg 1786,1166,2421,1811,1
D:\WangZhenqing\Coin_detection_FasterRCNN\coin_data\images\223.jpg 425,722,1134,1413,0 1102,433,1794,1086,0 759,1414,1505,2159,0 2031,1084,2758,1791,0 1956,19,2624,661,0 1522,1426,2119,2037,1 1779,601,2340,1153,1 1050,1084,1640,1656,1 543,122,1111,657,1
D:\WangZhenqing\Coin_detection_FasterRCNN\coin_data\images\224.jpg 2130,1035,2839,1726,0 1470,1362,2162,2015,0 1759,289,2505,1034,0 506,657,1233,1364,0 640,1787,1308,2429,0 1145,411,1742,1022,1 924,1295,1485,1847,1 1624,792,2214,1364,1 2153,1791,2721,2326,1
D:\WangZhenqing\Coin_detection_FasterRCNN\coin_data\images\225.jpg 768,1282,1355,1867,0 1345,1010,1916,1586,0 1677,553,2247,1106,0 1055,76,1602,613,0 498,937,971,1398,1 752,1954,1248,2448,1 1817,1392,2295,1882,1 2545,476,3024,933,1
D:\WangZhenqing\Coin_detection_FasterRCNN\coin_data\images\226.jpg 1909,581,2496,1166,0 1348,862,1919,1438,0 1017,1342,1587,1895,0 1662,1835,2209,2372,0 2293,1050,2766,1511,1 2016,0,2512,494,1 969,566,1447,1056,1 240,1515,719,1972,1
D:\WangZhenqing\Coin_detection_FasterRCNN\coin_data\images\227.jpg 1049,1241,1496,1695,0 1174,268,1610,704,0 1697,636,2123,1067,0 1474,1003,1912,1442,0 787,983,1181,1354,1 1845,1277,2202,1632,1 2334,557,2671,895,1 1090,1759,1464,2149,1
D:\WangZhenqing\Coin_detection_FasterRCNN\coin_data\images\228.jpg 1768,753,2215,1207,0 1654,1744,2090,2180,0 1141,1381,1567,1812,0 1352,1006,1790,1445,0 2083,1094,2477,1465,1 1062,816,1419,1171,1 593,1553,930,1891,1 1800,299,2174,689,1
D:\WangZhenqing\Coin_detection_FasterRCNN\coin_data\images\229.jpg 538,576,966,1020,0 1036,1024,1464,1453,0 1665,1424,2100,1852,0 1843,955,2293,1391,0 2542,817,3011,1273,0 2178,1518,2545,1875,1 765,816,1117,1167,1 466,1049,816,1394,1 826,1576,1169,1919,1
D:\WangZhenqing\Coin_detection_FasterRCNN\coin_data\images\23.jpg 801,1350,1170,1723,0 1203,2392,1573,2748,0 1403,2078,1762,2446,0 1216,1090,1582,1450,0 2089,1370,2450,1723,0 2513,2042,2880,2412,0 2419,969,2782,1331,0 2873,986,3242,1345,0 2537,1658,2836,1953,1 2103,1783,2395,2080,1 1137,1851,1436,2148,1 1348,620,1640,914,1
D:\WangZhenqing\Coin_detection_FasterRCNN\coin_data\images\230.jpg 2298,1428,2726,1872,0 1800,995,2228,1424,0 1164,596,1599,1024,0 971,1057,1421,1493,0 253,1175,722,1631,0 719,573,1086,930,1 2147,1281,2499,1632,1 2448,1054,2798,1399,1 2095,529,2438,872,1
D:\WangZhenqing\Coin_detection_FasterRCNN\coin_data\images\231.jpg 558,542,1144,1116,0 742,1142,1342,1733,0 1135,688,1722,1278,0 1485,1186,2076,1782,0 1973,828,2580,1422,0 1653,434,2135,917,1 2549,1281,3051,1779,1 2039,1456,2533,1958,1 1133,1620,1619,2113,1
D:\WangZhenqing\Coin_detection_FasterRCNN\coin_data\images\232.jpg 2120,1332,2706,1906,0 1922,715,2522,1306,0 1542,1170,2129,1760,0 1188,666,1779,1262,0 684,1026,1291,1620,0 1129,1531,1611,2014,1 213,669,715,1167,1 731,490,1225,992,1 1645,335,2131,828,1
D:\WangZhenqing\Coin_detection_FasterRCNN\coin_data\images\233.jpg 1306,1681,1928,2312,0 436,941,1129,1611,0 2081,985,2657,1582,0 1230,456,1743,981,1 1591,1091,2084,1600,1
D:\WangZhenqing\Coin_detection_FasterRCNN\coin_data\images\234.jpg 1336,136,1958,767,0 2135,837,2828,1507,0 607,866,1183,1463,0 1521,1467,2034,1992,1 1180,848,1673,1357,1
D:\WangZhenqing\Coin_detection_FasterRCNN\coin_data\images\235.jpg 327,245,1169,1064,0 2068,1593,2827,2355,0 1144,52,1929,847,0 1648,1147,2276,1773,1 972,988,1629,1632,1
D:\WangZhenqing\Coin_detection_FasterRCNN\coin_data\images\236.jpg 2095,1384,2937,2203,0 437,93,1196,855,0 1335,1601,2120,2396,0 988,675,1616,1301,1 1635,816,2292,1460,1
D:\WangZhenqing\Coin_detection_FasterRCNN\coin_data\images\237.jpg 363,1445,1075,2130,0 1198,630,1855,1284,0 2427,604,3039,1230,0 709,956,1267,1500,1 1621,1168,2142,1696,1
D:\WangZhenqing\Coin_detection_FasterRCNN\coin_data\images\238.jpg 2189,318,2901,1003,0 1409,1164,2066,1818,0 225,1218,837,1844,0 1997,948,2555,1492,1 1122,752,1643,1280,1
D:\WangZhenqing\Coin_detection_FasterRCNN\coin_data\images\239.jpg 643,356,1238,929,0 1055,846,1668,1453,0 2417,1257,3087,1916,0 1640,1062,2152,1574,1 1679,1575,2205,2116,1
D:\WangZhenqing\Coin_detection_FasterRCNN\coin_data\images\24.jpg 1158,2308,1535,2678,0 1343,1546,1725,1925,0 1369,1117,1745,1494,0 1998,901,2376,1291,0 2003,1336,2380,1701,0 1821,1657,2197,2037,0 2185,2150,2568,2532,0 2575,1922,2954,2303,0 965,1838,1283,2153,1 1359,403,1669,714,1 2198,1707,2511,2015,1 2648,1544,2961,1858,1
D:\WangZhenqing\Coin_detection_FasterRCNN\coin_data\images\240.jpg 2026,1519,2621,2092,0 1596,995,2209,1602,0 177,532,847,1191,0 1112,874,1624,1386,1 1059,332,1585,873,1
D:\WangZhenqing\Coin_detection_FasterRCNN\coin_data\images\241.jpg 1327,1403,1820,1892,1 1664,1759,2149,2253,1
D:\WangZhenqing\Coin_detection_FasterRCNN\coin_data\images\242.jpg 2212,1132,2705,1621,1 1883,771,2368,1265,1
D:\WangZhenqing\Coin_detection_FasterRCNN\coin_data\images\243.jpg 497,587,1358,1428,0 2365,1188,3070,1927,0 1610,420,2374,1210,0 990,1381,1646,2028,1 213,1026,934,1715,1
D:\WangZhenqing\Coin_detection_FasterRCNN\coin_data\images\244.jpg 1906,1020,2767,1861,0 194,521,899,1260,0 890,1238,1654,2028,0 1618,420,2274,1067,1 2330,733,3051,1422,1
D:\WangZhenqing\Coin_detection_FasterRCNN\coin_data\images\245.jpg 1111,1449,1868,2194,0 999,73,1773,862,0 1843,898,2546,1625,0 558,663,1228,1318,1 2040,1692,2602,2284,1
D:\WangZhenqing\Coin_detection_FasterRCNN\coin_data\images\246.jpg 1396,254,2153,999,0 1491,1586,2265,2375,0 718,823,1421,1550,0 2036,1130,2706,1785,1 662,164,1224,756,1
D:\WangZhenqing\Coin_detection_FasterRCNN\coin_data\images\247.jpg 1860,1147,2406,1703,0 861,1423,1465,2007,0 970,670,1564,1257,0 863,1060,1354,1504,1 2028,1750,2450,2197,1
D:\WangZhenqing\Coin_detection_FasterRCNN\coin_data\images\248.jpg 858,745,1404,1301,0 1799,441,2403,1025,0 1700,1191,2294,1778,0 1910,944,2401,1388,1 814,251,1236,698,1
D:\WangZhenqing\Coin_detection_FasterRCNN\coin_data\images\249.jpg 2096,1902,2642,2448,0 1899,206,2457,796,0 1289,1159,1891,1773,0 730,1281,1275,1811,1 531,783,1085,1316,1
D:\WangZhenqing\Coin_detection_FasterRCNN\coin_data\images\25.jpg 666,744,1006,1073,0 1041,1116,1378,1460,0 1060,737,1405,1075,0 863,1783,1203,2116,0 1223,2259,1558,2608,0 1726,2634,2057,2966,0 1464,1239,1795,1570,0 1629,938,1961,1278,0 1626,560,1967,901,0 2069,1505,2402,1837,0 2196,1143,2463,1420,1 1805,1281,2075,1550,1 1064,94,1344,375,1 699,1376,979,1645,1
D:\WangZhenqing\Coin_detection_FasterRCNN\coin_data\images\250.jpg 622,0,1168,546,0 807,1652,1365,2242,0 1373,675,1975,1289,0 1989,637,2534,1167,1 2179,1132,2733,1665,1
D:\WangZhenqing\Coin_detection_FasterRCNN\coin_data\images\251.jpg 766,1735,1444,2409,0 820,1080,1487,1737,0 1872,1025,2479,1647,0 1440,1372,1951,1895,1 944,538,1497,1083,1
D:\WangZhenqing\Coin_detection_FasterRCNN\coin_data\images\252.jpg 1820,39,2498,713,0 1777,711,2444,1368,0 785,801,1392,1423,0 1313,553,1824,1076,1 1767,1365,2320,1910,1
D:\WangZhenqing\Coin_detection_FasterRCNN\coin_data\images\253.jpg 845,1757,1531,2443,0 864,1110,1550,1756,0 1986,979,2602,1617,0 1071,775,1628,1336,1 1540,1328,2060,1863,1
D:\WangZhenqing\Coin_detection_FasterRCNN\coin_data\images\254.jpg 1733,5,2419,691,0 1714,692,2400,1338,0 662,831,1278,1469,0 1636,1112,2193,1673,1 1204,585,1724,1120,1
D:\WangZhenqing\Coin_detection_FasterRCNN\coin_data\images\255.jpg 2029,943,2695,1621,0 1240,1584,1940,2294,0 722,947,1453,1669,0 705,1671,1387,2379,0 2159,378,2714,951,1 1440,1206,2004,1752,1
D:\WangZhenqing\Coin_detection_FasterRCNN\coin_data\images\256.jpg 569,827,1235,1505,0 1324,154,2024,864,0 1811,779,2542,1501,0 1877,69,2559,777,0 550,1497,1105,2070,1 1260,696,1824,1242,1
D:\WangZhenqing\Coin_detection_FasterRCNN\coin_data\images\257.jpg 1611,1248,2189,1825,0 870,1085,1346,1563,1
D:\WangZhenqing\Coin_detection_FasterRCNN\coin_data\images\258.jpg 1075,623,1653,1200,0 1918,885,2394,1363,1
D:\WangZhenqing\Coin_detection_FasterRCNN\coin_data\images\259.jpg 1710,1111,2339,1743,0
D:\WangZhenqing\Coin_detection_FasterRCNN\coin_data\images\26.jpg 1731,1358,2199,1820,0 1444,1349,1883,1805,0
D:\WangZhenqing\Coin_detection_FasterRCNN\coin_data\images\260.jpg 925,705,1554,1337,0
D:\WangZhenqing\Coin_detection_FasterRCNN\coin_data\images\261.jpg 2038,778,2520,1266,1 1960,1821,2443,2307,1
D:\WangZhenqing\Coin_detection_FasterRCNN\coin_data\images\262.jpg 1512,1758,1994,2246,1 1589,717,2072,1203,1
D:\WangZhenqing\Coin_detection_FasterRCNN\coin_data\images\263.jpg 1006,954,1575,1534,1
D:\WangZhenqing\Coin_detection_FasterRCNN\coin_data\images\264.jpg 1689,914,2258,1494,1
D:\WangZhenqing\Coin_detection_FasterRCNN\coin_data\images\265.jpg 1666,527,2315,1165,0 1465,1438,2138,2116,0 566,1156,1125,1707,1
D:\WangZhenqing\Coin_detection_FasterRCNN\coin_data\images\266.jpg 949,1283,1598,1921,0 1126,332,1799,1010,0 2139,741,2698,1292,1
D:\WangZhenqing\Coin_detection_FasterRCNN\coin_data\images\267.jpg 1413,599,2001,1181,0 1209,1423,1806,2016,0 2352,1134,2859,1629,1 406,1141,915,1636,1
D:\WangZhenqing\Coin_detection_FasterRCNN\coin_data\images\268.jpg 1263,1267,1851,1849,0 1458,432,2055,1025,0 405,819,912,1314,1 2349,812,2858,1307,1
D:\WangZhenqing\Coin_detection_FasterRCNN\coin_data\images\269.jpg 1756,124,2299,675,0 481,1802,1055,2370,0 826,635,1294,1100,1 2627,628,3088,1076,1
D:\WangZhenqing\Coin_detection_FasterRCNN\coin_data\images\27.jpg 1833,1406,2185,1774,0 1614,1401,1942,1748,0 2773,0,3131,347,0
D:\WangZhenqing\Coin_detection_FasterRCNN\coin_data\images\270.jpg 965,1773,1508,2324,0 2209,78,2783,646,0 1970,1348,2438,1813,1 176,1372,637,1820,1
D:\WangZhenqing\Coin_detection_FasterRCNN\coin_data\images\271.jpg 2534,274,3029,765,0 1404,1772,1908,2289,0 628,510,1060,933,1
D:\WangZhenqing\Coin_detection_FasterRCNN\coin_data\images\272.jpg 235,1683,730,2174,0 1356,159,1860,676,0 2204,1515,2636,1938,1
D:\WangZhenqing\Coin_detection_FasterRCNN\coin_data\images\273.jpg 836,273,1450,884,0 2636,1154,3242,1757,0 321,1537,842,2050,1
D:\WangZhenqing\Coin_detection_FasterRCNN\coin_data\images\274.jpg 1814,1564,2428,2175,0 22,691,628,1294,0 2422,398,2943,911,1
D:\WangZhenqing\Coin_detection_FasterRCNN\coin_data\images\275.jpg 1928,1678,2621,2372,0 900,40,1583,724,0 1927,858,2485,1419,1 1109,1565,1677,2130,1
D:\WangZhenqing\Coin_detection_FasterRCNN\coin_data\images\276.jpg 643,76,1336,770,0 1681,1724,2364,2408,0 779,1029,1337,1590,1 1587,318,2155,883,1
D:\WangZhenqing\Coin_detection_FasterRCNN\coin_data\images\277.jpg 705,1725,1323,2332,0 1410,228,2000,838,0 858,694,1358,1198,1 2292,953,2791,1445,1
D:\WangZhenqing\Coin_detection_FasterRCNN\coin_data\images\278.jpg 1941,116,2559,723,0 1264,1610,1854,2220,0 1906,1250,2406,1754,1 473,1003,972,1495,1
D:\WangZhenqing\Coin_detection_FasterRCNN\coin_data\images\279.jpg 2213,1342,2804,1929,0 1059,1349,1647,1936,0 2258,852,2729,1329,1 654,617,1167,1115,1
D:\WangZhenqing\Coin_detection_FasterRCNN\coin_data\images\28.jpg 1530,1318,1991,1771,0 2517,1128,2993,1590,0 1816,1162,2192,1542,1
D:\WangZhenqing\Coin_detection_FasterRCNN\coin_data\images\280.jpg 460,519,1051,1106,0 1617,512,2205,1099,0 535,1119,1006,1596,1 2097,1333,2610,1831,1
D:\WangZhenqing\Coin_detection_FasterRCNN\coin_data\images\29.jpg 2385,1254,2916,1780,0 1780,1386,2310,1914,0 1719,1097,2252,1569,0 2617,1663,3051,2101,1
D:\WangZhenqing\Coin_detection_FasterRCNN\coin_data\images\3.jpg 1637,1272,2228,1867,0 2295,895,2906,1479,0 2426,1398,2932,1899,1
D:\WangZhenqing\Coin_detection_FasterRCNN\coin_data\images\30.jpg 2519,1386,2993,1841,0 2008,1512,2472,1969,0 1947,1262,2403,1677,0 2732,1735,3115,2118,1 1127,1260,1499,1635,1 1242,1423,1613,1792,1
D:\WangZhenqing\Coin_detection_FasterRCNN\coin_data\images\32.jpg 2425,1341,2920,1822,0 1951,435,2445,919,0 1840,792,2324,1256,0 2000,1243,2486,1726,0 1962,1517,2459,1949,0 1571,1180,2058,1659,0 2136,2158,2635,2655,0 1132,2187,1628,2683,0 2611,954,3012,1355,1 1466,2129,1872,2544,1 1365,845,1764,1251,1
D:\WangZhenqing\Coin_detection_FasterRCNN\coin_data\images\33.jpg 2166,2162,2649,2645,0 2018,1265,2502,1732,0 1866,795,2344,1274,0 1598,1204,2076,1675,0 1988,1531,2460,1959,0 2445,1346,2924,1824,0 1193,2200,1670,2673,0 1022,1601,1511,2066,0 1391,885,1789,1281,1 1512,2131,1906,2533,1 2616,976,3019,1369,1
D:\WangZhenqing\Coin_detection_FasterRCNN\coin_data\images\34.jpg 2670,2109,3093,2525,0 2377,1631,2803,2055,0 2378,1208,2832,1632,0 1702,1291,2126,1707,0 1279,1695,1702,2117,0 2330,691,2677,1043,1 2038,1745,2376,2097,1
D:\WangZhenqing\Coin_detection_FasterRCNN\coin_data\images\35.jpg 2644,2127,3126,2612,0 2312,1605,2790,2076,0 2312,1139,2788,1598,0 1507,1226,1980,1695,0 1078,1686,1556,2161,0 1773,996,2154,1379,1 2325,983,2715,1371,1
D:\WangZhenqing\Coin_detection_FasterRCNN\coin_data\images\36.jpg 2466,1759,2921,2241,0 2151,1659,2633,2145,0 2435,1321,2913,1758,0 1743,1471,2182,1941,0 1470,1367,1937,1837,0 2434,1137,2833,1524,1 1908,1164,2293,1559,1
D:\WangZhenqing\Coin_detection_FasterRCNN\coin_data\images\37.jpg 1875,1326,2434,1779,0 1604,879,2209,1393,0 1383,581,2008,1140,0 1133,1832,1627,2207,0 1143,1436,1685,1837,0 1015,1129,1579,1577,0 759,1672,1268,2079,0 971,2071,1425,2371,0 228,1532,762,1944,0 1665,1529,2184,1931,0 519,1177,996,1572,1 2043,1793,2459,2124,1 1630,1906,2012,2199,1 2148,888,2615,1323,1
D:\WangZhenqing\Coin_detection_FasterRCNN\coin_data\images\38.jpg 1767,841,2336,1416,0 1576,1114,2097,1646,0 1551,317,2093,895,0 1409,66,1926,628,0 1126,929,1602,1437,0 1076,620,1541,1101,0 1052,1426,1511,1918,0 902,1686,1318,2154,0 801,1224,1212,1696,0 446,1010,834,1459,0 2032,379,2513,882,1 1948,1536,2407,1997,1 1513,1608,1916,2031,1 722,661,1073,1058,1
D:\WangZhenqing\Coin_detection_FasterRCNN\coin_data\images\39.jpg 2045,535,2456,962,0 1628,480,2053,922,0 1220,671,1656,1114,0 1171,1128,1596,1550,0 1474,1581,1879,1989,0 510,1979,953,2394,0 1597,1096,2001,1508,0 1787,1278,2186,1676,0 1880,1978,2263,2358,0 2200,1489,2579,1878,0 1132,1692,1475,2038,1 1476,2000,1806,2328,1 1824,142,2178,518,1 1883,1668,2191,1979,1
D:\WangZhenqing\Coin_detection_FasterRCNN\coin_data\images\4.jpg 1676,1089,2193,1620,0 1437,1189,1959,1703,0 2046,901,2568,1423,0 2162,1344,2603,1774,1
D:\WangZhenqing\Coin_detection_FasterRCNN\coin_data\images\40.jpg 1476,1367,1892,1784,0 1215,1431,1615,1833,0 1296,1024,1713,1439,0 1679,1294,2073,1707,0 1681,853,2113,1278,0
D:\WangZhenqing\Coin_detection_FasterRCNN\coin_data\images\42.jpg 1406,1811,1788,2181,0 1367,1228,1765,1620,0 1934,614,2360,1042,0 2367,1042,2799,1458,0 862,438,1292,879,0
D:\WangZhenqing\Coin_detection_FasterRCNN\coin_data\images\43.jpg 1926,1002,2377,1448,1 1602,1441,2038,1850,1 1671,1092,2080,1521,1 1367,934,1805,1375,1 1145,651,1598,1121,1
D:\WangZhenqing\Coin_detection_FasterRCNN\coin_data\images\44.jpg 1146,601,1778,1195,1 1591,1583,2111,1972,1 1401,997,1983,1508,1 1745,1223,2251,1671,1 2080,1176,2646,1660,1
D:\WangZhenqing\Coin_detection_FasterRCNN\coin_data\images\45.jpg 2207,1167,2601,1680,1 1745,1681,2220,2155,1 1896,1264,2297,1752,1 1408,652,2004,1271,1 1603,1053,2151,1614,1
D:\WangZhenqing\Coin_detection_FasterRCNN\coin_data\images\46.jpg 1404,642,1879,1072,1 1588,929,2069,1383,1 1756,1493,2271,2032,1 1883,1145,2346,1613,1 2173,1073,2662,1558,1
D:\WangZhenqing\Coin_detection_FasterRCNN\coin_data\images\47.jpg 1641,654,2229,1267,0 1453,1012,2046,1577,0 957,404,1581,1031,0 870,1327,1365,1782,1 1082,928,1569,1385,1
D:\WangZhenqing\Coin_detection_FasterRCNN\coin_data\images\48.jpg 811,552,1474,1123,0 1556,703,2216,1296,0 1378,1051,2075,1700,0 663,1455,1291,2065,1 937,1007,1506,1530,1
D:\WangZhenqing\Coin_detection_FasterRCNN\coin_data\images\49.jpg 1096,1254,1756,1905,0 1390,634,1930,1185,1 802,682,1349,1223,1
D:\WangZhenqing\Coin_detection_FasterRCNN\coin_data\images\5.jpg 2414,974,3011,1552,0 1586,1193,2168,1773,0 1356,1374,1831,1847,1 2475,1463,2980,1948,1
D:\WangZhenqing\Coin_detection_FasterRCNN\coin_data\images\50.jpg 1323,1176,2049,1909,0 1669,606,2223,1124,1 1078,628,1629,1142,1
D:\WangZhenqing\Coin_detection_FasterRCNN\coin_data\images\52.jpg 1250,698,2049,1508,0
D:\WangZhenqing\Coin_detection_FasterRCNN\coin_data\images\53.jpg 2115,896,2625,1394,0 1409,507,1891,997,0 1646,1154,2136,1643,0 1121,1433,1589,1901,0 1177,1015,1566,1414,1 2022,1538,2434,1944,1
D:\WangZhenqing\Coin_detection_FasterRCNN\coin_data\images\54.jpg 1338,252,1828,763,0 1022,1201,1483,1683,0 1458,1773,1944,2261,0 1557,928,2061,1426,0 2048,674,2573,1184,0 1092,773,1490,1180,1 1256,1309,1653,1711,1 1951,1318,2371,1731,1
D:\WangZhenqing\Coin_detection_FasterRCNN\coin_data\images\55.jpg 1841,896,2282,1339,0 1435,1102,1851,1534,0 1251,520,1679,952,0 1310,1816,1730,2254,0 1256,1212,1587,1555,1 1065,380,1399,736,1
D:\WangZhenqing\Coin_detection_FasterRCNN\coin_data\images\56.jpg 666,1057,1177,1562,0 1105,1327,1610,1839,0 1742,565,2266,1091,0 2005,1497,2536,2011,0 1584,1559,2000,1982,1 1899,1075,2338,1500,1
D:\WangZhenqing\Coin_detection_FasterRCNN\coin_data\images\57.jpg 1930,1443,2494,1988,0 1647,459,2200,1019,0 981,1274,1514,1807,0 528,987,1060,1516,0 1830,1012,2282,1454,1 1528,1269,1973,1712,1 1483,1542,1922,1952,1
D:\WangZhenqing\Coin_detection_FasterRCNN\coin_data\images\58.jpg 215,958,809,1546,0 726,1272,1315,1857,0 1775,1436,2384,2026,0 1439,361,2048,976,0 1845,670,2450,1283,0 2551,1331,3186,1938,0 700,527,1188,1021,1 1328,1258,1814,1742,1 1288,1565,1765,2002,1 1649,970,2140,1453,0
D:\WangZhenqing\Coin_detection_FasterRCNN\coin_data\images\59.jpg 591,901,1018,1327,0 963,1116,1385,1546,0 1205,1666,1620,2091,0 1465,468,1907,902,0 1718,1228,2148,1655,0 1762,675,2195,1122,0 2273,1150,2715,1579,0 1364,1315,1712,1646,0 1391,1106,1740,1449,0 1626,891,1973,1243,0 942,588,1290,943,0
D:\WangZhenqing\Coin_detection_FasterRCNN\coin_data\images\6.jpg 2310,1216,2765,1652,0 2936,1052,3383,1482,0 2137,1365,2509,1730,0 2997,1417,3370,1788,0
D:\WangZhenqing\Coin_detection_FasterRCNN\coin_data\images\60.jpg 657,584,968,887,0 986,1710,1317,2038,0 1020,1232,1343,1545,0 1660,1572,1985,1896,0 1776,1132,2104,1448,0 2444,1186,2773,1500,0 1731,29,2041,326,0 2372,390,2637,638,0 1354,1068,1612,1325,0 1304,1663,1566,1935,0 536,875,794,1127,0
D:\WangZhenqing\Coin_detection_FasterRCNN\coin_data\images\62.jpg 2280,324,2824,862,0 2093,836,2627,1355,0 1828,1425,2334,1928,0 924,1405,1431,1912,0 142,1144,664,1658,0 2230,1385,2647,1812,1 1455,1660,1867,2067,1 652,1086,1077,1501,1 2626,831,3067,1265,1
D:\WangZhenqing\Coin_detection_FasterRCNN\coin_data\images\63.jpg 2377,1736,2835,2197,0 1473,1403,1920,1848,0 1732,1269,2163,1712,0 1297,788,1713,1204,0 1389,134,1807,550,0 792,1540,1240,1991,0 903,1203,1341,1631,0 2107,724,2460,1071,1 1657,620,2005,965,1 1423,895,1771,1243,1 748,914,1109,1257,1
D:\WangZhenqing\Coin_detection_FasterRCNN\coin_data\images\64.jpg 2072,1301,2583,1800,0 1380,1252,1875,1742,0 547,1026,1049,1513,0 1349,477,1826,933,0 2112,270,2494,633,1 417,659,823,1044,1 1147,1669,1572,2101,1 1616,889,2009,1276,1
D:\WangZhenqing\Coin_detection_FasterRCNN\coin_data\images\65.jpg 1871,973,2344,1438,0 1373,1075,1853,1550,0 1325,554,1781,972,0 540,1071,1037,1537,0 2049,354,2416,692,1 1605,916,1971,1271,1 1108,1696,1527,2126,1 431,731,824,1094,1
D:\WangZhenqing\Coin_detection_FasterRCNN\coin_data\images\66.jpg 1902,1591,2351,2033,0 1514,1496,1958,1947,0 1370,716,1813,1150,0 644,1251,1107,1703,0 2072,510,2433,857,1 1644,1095,2008,1457,1 1815,1486,2186,1872,1 505,902,883,1269,1
D:\WangZhenqing\Coin_detection_FasterRCNN\coin_data\images\67.jpg 584,993,987,1385,0 1758,1632,2169,2052,0 2152,887,2551,1272,0 1978,116,2367,504,0 2874,951,3262,1347,0 1431,891,1754,1210,1 862,1572,1193,1903,1 18,1063,353,1387,1 631,301,955,617,1
D:\WangZhenqing\Coin_detection_FasterRCNN\coin_data\images\68.jpg 1518,1738,1990,2207,0 1779,960,2239,1409,0 1349,818,1794,1256,0 856,931,1310,1377,0 730,79,1163,516,0 2131,1288,2529,1673,1 1594,1406,1979,1791,1 1230,1257,1604,1634,1 925,531,1293,888,1
D:\WangZhenqing\Coin_detection_FasterRCNN\coin_data\images\69.jpg 1981,925,2571,1502,0 1681,1504,2269,2113,0 654,1244,1246,1833,0 740,328,1297,875,0 1448,677,2016,1239,0 2012,397,2483,864,1 1572,1239,2052,1715,1 1190,1534,1667,2017,1 985,830,1448,1291,1
D:\WangZhenqing\Coin_detection_FasterRCNN\coin_data\images\7.jpg 1786,1213,2421,1858,1
D:\WangZhenqing\Coin_detection_FasterRCNN\coin_data\images\70.jpg 2130,722,2839,1413,0 1470,433,2162,1086,0 1759,1414,2505,2159,0 506,1084,1233,1791,0 640,19,1308,661,0 1145,1426,1742,2037,1 924,601,1485,1153,1 1624,1084,2214,1656,1 2153,122,2721,657,1
D:\WangZhenqing\Coin_detection_FasterRCNN\coin_data\images\72.jpg 1909,1282,2496,1867,0 1348,1010,1919,1586,0 1017,553,1587,1106,0 1662,76,2209,613,0 2293,937,2766,1398,1 2016,1954,2512,2448,1 969,1392,1447,1882,1 240,476,719,933,1
D:\WangZhenqing\Coin_detection_FasterRCNN\coin_data\images\73.jpg 1768,1241,2215,1695,0 1654,268,2090,704,0 1141,636,1567,1067,0 1352,1003,1790,1442,0 2083,983,2477,1354,1 1062,1277,1419,1632,1 593,557,930,895,1 1800,1759,2174,2149,1
D:\WangZhenqing\Coin_detection_FasterRCNN\coin_data\images\74.jpg 2298,576,2726,1020,0 1800,1024,2228,1453,0 1164,1424,1599,1852,0 971,955,1421,1391,0 253,817,722,1273,0 719,1518,1086,1875,1 2147,816,2499,1167,1 2448,1049,2798,1394,1 2095,1576,2438,1919,1
D:\WangZhenqing\Coin_detection_FasterRCNN\coin_data\images\75.jpg 2120,542,2706,1116,0 1922,1142,2522,1733,0 1542,688,2129,1278,0 1188,1186,1779,1782,0 684,828,1291,1422,0 1129,434,1611,917,1 213,1281,715,1779,1 731,1456,1225,1958,1 1645,1620,2131,2113,1
D:\WangZhenqing\Coin_detection_FasterRCNN\coin_data\images\76.jpg 1336,1681,1958,2312,0 2135,941,2828,1611,0 607,985,1183,1582,0 1521,456,2034,981,1 1180,1091,1673,1600,1
D:\WangZhenqing\Coin_detection_FasterRCNN\coin_data\images\77.jpg 2095,245,2937,1064,0 437,1593,1196,2355,0 1335,52,2120,847,0 988,1147,1616,1773,1 1635,988,2292,1632,1
D:\WangZhenqing\Coin_detection_FasterRCNN\coin_data\images\78.jpg 2189,1445,2901,2130,0 1409,630,2066,1284,0 225,604,837,1230,0 1997,956,2555,1500,1 1122,1168,1643,1696,1
D:\WangZhenqing\Coin_detection_FasterRCNN\coin_data\images\79.jpg 2026,356,2621,929,0 1596,846,2209,1453,0 177,1257,847,1916,0 1112,1062,1624,1574,1 1059,1575,1585,2116,1
D:\WangZhenqing\Coin_detection_FasterRCNN\coin_data\images\8.jpg 2212,1403,2705,1892,1 1883,1759,2368,2253,1
D:\WangZhenqing\Coin_detection_FasterRCNN\coin_data\images\80.jpg 1906,587,2767,1428,0 194,1188,899,1927,0 890,420,1654,1210,0 1618,1381,2274,2028,1 2330,1026,3051,1715,1
D:\WangZhenqing\Coin_detection_FasterRCNN\coin_data\images\82.jpg 1396,1449,2153,2194,0 1491,73,2265,862,0 718,898,1421,1625,0 2036,663,2706,1318,1 662,1692,1224,2284,1
D:\WangZhenqing\Coin_detection_FasterRCNN\coin_data\images\83.jpg 858,1147,1404,1703,0 1799,1423,2403,2007,0 1700,670,2294,1257,0 1910,1060,2401,1504,1 814,1750,1236,2197,1
D:\WangZhenqing\Coin_detection_FasterRCNN\coin_data\images\84.jpg 622,1902,1168,2448,0 807,206,1365,796,0 1373,1159,1975,1773,0 1989,1281,2534,1811,1 2179,783,2733,1316,1
D:\WangZhenqing\Coin_detection_FasterRCNN\coin_data\images\85.jpg 1820,1735,2498,2409,0 1777,1080,2444,1737,0 785,1025,1392,1647,0 1313,1372,1824,1895,1 1767,538,2320,1083,1
D:\WangZhenqing\Coin_detection_FasterRCNN\coin_data\images\86.jpg 1733,1757,2419,2443,0 1714,1110,2400,1756,0 662,979,1278,1617,0 1636,775,2193,1336,1 1204,1328,1724,1863,1
D:\WangZhenqing\Coin_detection_FasterRCNN\coin_data\images\87.jpg 569,943,1235,1621,0 1324,1584,2024,2294,0 1811,947,2542,1669,0 1877,1671,2559,2379,0 550,378,1105,951,1 1260,1206,1824,1752,1
D:\WangZhenqing\Coin_detection_FasterRCNN\coin_data\images\88.jpg 1075,1248,1653,1825,0 1918,1085,2394,1563,1
D:\WangZhenqing\Coin_detection_FasterRCNN\coin_data\images\89.jpg 925,1111,1554,1743,0
D:\WangZhenqing\Coin_detection_FasterRCNN\coin_data\images\9.jpg 1512,778,1994,1266,1 1589,1821,2072,2307,1
D:\WangZhenqing\Coin_detection_FasterRCNN\coin_data\images\90.jpg 1689,954,2258,1534,1
D:\WangZhenqing\Coin_detection_FasterRCNN\coin_data\images\92.jpg 949,527,1598,1165,0 1126,1438,1799,2116,0 2139,1156,2698,1707,1
D:\WangZhenqing\Coin_detection_FasterRCNN\coin_data\images\93.jpg 1263,599,1851,1181,0 1458,1423,2055,2016,0 405,1134,912,1629,1 2349,1141,2858,1636,1
D:\WangZhenqing\Coin_detection_FasterRCNN\coin_data\images\94.jpg 965,124,1508,675,0 2209,1802,2783,2370,0 1970,635,2438,1100,1 176,628,637,1076,1
D:\WangZhenqing\Coin_detection_FasterRCNN\coin_data\images\95.jpg 235,274,730,765,0 1356,1772,1860,2289,0 2204,510,2636,933,1
D:\WangZhenqing\Coin_detection_FasterRCNN\coin_data\images\96.jpg 1814,273,2428,884,0 22,1154,628,1757,0 2422,1537,2943,2050,1
D:\WangZhenqing\Coin_detection_FasterRCNN\coin_data\images\97.jpg 643,1678,1336,2372,0 1681,40,2364,724,0 779,858,1337,1419,1 1587,1565,2155,2130,1
D:\WangZhenqing\Coin_detection_FasterRCNN\coin_data\images\98.jpg 1941,1725,2559,2332,0 1264,228,1854,838,0 1906,694,2406,1198,1 473,953,972,1445,1
D:\WangZhenqing\Coin_detection_FasterRCNN\coin_data\images\99.jpg 460,1342,1051,1929,0 1617,1349,2205,1936,0 535,852,1006,1329,1 2097,617,2610,1115,1
